0 0.5889423076923077 0.1622596153846154 0.05048076923076923 0.07211538461538461
3 0.3293269230769231 0.18629807692307693 0.09615384615384616 0.12980769230769232
2 0.8894230769230769 0.7548076923076923 0.14903846153846154 0.49038461538461536
2 0.6971153846153846 0.7379807692307693 0.19230769230769232 0.4326923076923077
2 0.5697115384615384 0.5048076923076923 0.12259615384615384 0.6658653846153846
2 0.5084134615384616 0.6009615384615384 0.125 0.5793269230769231
2 0.22355769230769232 0.6730769230769231 0.15625 0.6225961538461539
2 0.15985576923076922 0.6862980769230769 0.08173076923076923 0.47596153846153844
2 0.31971153846153844 0.7536057692307693 0.11538461538461539 0.47115384615384615
2 0.4026442307692308 0.7572115384615384 0.1346153846153846 0.47836538461538464
4 0.5709134615384616 0.4807692307692308 0.12259615384615384 0.7091346153846154