0 0.6346153846153846 0.1778846153846154 0.06009615384615385 0.07692307692307693
3 0.3737980769230769 0.1658653846153846 0.11057692307692307 0.13942307692307693
2 0.8509615384615384 0.7788461538461539 0.21634615384615385 0.4423076923076923
2 0.6610576923076923 0.7632211538461539 0.24759615384615385 0.44711538461538464
2 0.5685096153846154 0.5144230769230769 0.21153846153846154 0.6634615384615384
2 0.49399038461538464 0.6009615384615384 0.20432692307692307 0.5817307692307693
2 0.203125 0.6334134615384616 0.23798076923076922 0.625
2 0.13701923076923078 0.6370192307692307 0.1466346153846154 0.4735576923076923
2 0.2860576923076923 0.7259615384615384 0.18028846153846154 0.47596153846153844
2 0.36778846153846156 0.7403846153846154 0.1971153846153846 0.4831730769230769
4 0.5733173076923077 0.49038461538461536 0.21875 0.7067307692307693