0 0.5649038461538461 0.15745192307692307 0.04567307692307692 0.06971153846153846
3 0.3076923076923077 0.19951923076923078 0.08653846153846154 0.12379807692307693
2 0.9086538461538461 0.7367788461538461 0.1141826923076923 0.5036057692307693
2 0.7127403846153846 0.7235576923076923 0.1622596153846154 0.421875
2 0.5697115384615384 0.5 0.07572115384615384 0.6622596153846154
2 0.515625 0.5997596153846154 0.08533653846153846 0.5757211538461539
2 0.23677884615384615 0.6923076923076923 0.11298076923076923 0.6153846153846154
2 0.17307692307692307 0.7091346153846154 0.04927884615384615 0.4735576923076923
2 0.33774038461538464 0.765625 0.08413461538461539 0.4675480769230769
2 0.4206730769230769 0.7632211538461539 0.10096153846153846 0.4735576923076923
4 0.5697115384615384 0.47596153846153844 0.07451923076923077 0.7055288461538461