3 0.5528846153846154 0.1466346153846154 0.021634615384615384 0.030048076923076924
3 0.6766826923076923 0.25961538461538464 0.042067307692307696 0.055288461538461536
0 0.8052884615384616 0.4266826923076923 0.014423076923076924 0.026442307692307692
2 0.1875 0.5492788461538461 0.03485576923076923 0.1814903846153846
2 0.23918269230769232 0.5793269230769231 0.05889423076923077 0.2764423076923077
2 0.3125 0.5721153846153846 0.03485576923076923 0.19951923076923078
2 0.3762019230769231 0.6346153846153846 0.04326923076923077 0.22956730769230768
2 0.4014423076923077 0.4639423076923077 0.030048076923076924 0.15504807692307693
2 0.3786057692307692 0.4543269230769231 0.026442307692307692 0.1622596153846154
2 0.4735576923076923 0.6778846153846154 0.0625 0.203125
2 0.5985576923076923 0.6117788461538461 0.04326923076923077 0.20072115384615385
2 0.6478365384615384 0.5697115384615384 0.025240384615384616 0.13581730769230768
2 0.7043269230769231 0.5925480769230769 0.030048076923076924 0.21153846153846154
2 0.8112980769230769 0.5108173076923077 0.028846153846153848 0.203125
2 0.6442307692307693 0.7259615384615384 0.037259615384615384 0.22235576923076922
0 0.40024038461538464 0.3233173076923077 0.01201923076923077 0.02403846153846154
2 0.21875 0.2439903846153846 0.020432692307692308 0.0985576923076923
2 0.2860576923076923 0.29447115384615385 0.028846153846153848 0.0829326923076923
2 0.3557692307692308 0.2824519230769231 0.02283653846153846 0.07572115384615384
2 0.43028846153846156 0.27884615384615385 0.027644230769230768 0.09134615384615384
2 0.44711538461538464 0.2668269230769231 0.008413461538461538 0.09375
2 0.4543269230769231 0.24639423076923078 0.009615384615384616 0.03245192307692308
2 0.4735576923076923 0.24759615384615385 0.015625 0.0625
2 0.4651442307692308 0.29086538461538464 0.018028846153846152 0.08653846153846154
2 0.4855769230769231 0.31490384615384615 0.03245192307692308 0.0829326923076923
2 0.5204326923076923 0.3004807692307692 0.021634615384615384 0.09375
2 0.6442307692307693 0.3088942307692308 0.019230769230769232 0.12620192307692307