3 0.4963942307692308 0.14302884615384615 0.026442307692307692 0.03365384615384615
3 0.6370192307692307 0.234375 0.05048076923076923 0.06009615384615385
0 0.7896634615384616 0.3798076923076923 0.019230769230769232 0.028846153846153848
2 0.19951923076923078 0.5973557692307693 0.0625 0.18509615384615385
2 0.2548076923076923 0.6189903846153846 0.10096153846153846 0.28125
2 0.32572115384615385 0.6009615384615384 0.06490384615384616 0.20192307692307693
2 0.39903846153846156 0.6526442307692307 0.07932692307692307 0.23317307692307693
2 0.39663461538461536 0.4795673076923077 0.052884615384615384 0.15865384615384615
2 0.37259615384615385 0.4735576923076923 0.05048076923076923 0.16346153846153846
2 0.5012019230769231 0.6802884615384616 0.09375 0.21153846153846154
2 0.6153846153846154 0.5949519230769231 0.07451923076923077 0.20432692307692307
2 0.6574519230769231 0.5456730769230769 0.04567307692307692 0.13701923076923078
2 0.7163461538461539 0.5588942307692307 0.0625 0.21394230769230768
2 0.8088942307692307 0.46153846153846156 0.06009615384615385 0.20432692307692307
2 0.6778846153846154 0.7007211538461539 0.07211538461538461 0.22596153846153846
0 0.3737980769230769 0.34134615384615385 0.016826923076923076 0.026442307692307692
2 0.18269230769230768 0.29086538461538464 0.036057692307692304 0.10096153846153846
2 0.25600961538461536 0.33052884615384615 0.040865384615384616 0.08653846153846154
2 0.3233173076923077 0.3076923076923077 0.03365384615384615 0.07932692307692307
2 0.39663461538461536 0.2920673076923077 0.040865384615384616 0.09375
2 0.4110576923076923 0.2776442307692308 0.02403846153846154 0.09375
2 0.41466346153846156 0.25721153846153844 0.014423076923076924 0.03365384615384615
2 0.4338942307692308 0.2548076923076923 0.02403846153846154 0.06490384615384616
2 0.4326923076923077 0.29927884615384615 0.03125 0.0889423076923077
2 0.4567307692307692 0.31971153846153844 0.04567307692307692 0.08653846153846154
2 0.4891826923076923 0.29927884615384615 0.036057692307692304 0.09615384615384616
2 0.6129807692307693 0.28846153846153844 0.038461538461538464 0.12740384615384615