3 0.546875 0.14543269230769232 0.021634615384615384 0.03125
3 0.671875 0.25600961538461536 0.04326923076923077 0.055288461538461536
0 0.8040865384615384 0.421875 0.014423076923076924 0.026442307692307692
2 0.18870192307692307 0.5552884615384616 0.038461538461538464 0.18269230769230768
2 0.2403846153846154 0.5841346153846154 0.06490384615384616 0.2764423076923077
2 0.3137019230769231 0.5757211538461539 0.038461538461538464 0.19951923076923078
2 0.3786057692307692 0.6370192307692307 0.04807692307692308 0.23076923076923078
2 0.40024038461538464 0.4651442307692308 0.03365384615384615 0.15625
2 0.37740384615384615 0.4567307692307692 0.028846153846153848 0.16346153846153846
2 0.47716346153846156 0.6778846153846154 0.06490384615384616 0.20432692307692307
2 0.6009615384615384 0.6105769230769231 0.04567307692307692 0.20192307692307693
2 0.6490384615384616 0.5673076923076923 0.026442307692307692 0.13701923076923078
2 0.7055288461538461 0.5889423076923077 0.03365384615384615 0.21153846153846154
2 0.8112980769230769 0.5048076923076923 0.03125 0.20432692307692307
2 0.6478365384615384 0.7235576923076923 0.040865384615384616 0.22355769230769232
0 0.39663461538461536 0.3245192307692308 0.01201923076923077 0.02403846153846154
2 0.21394230769230768 0.24879807692307693 0.021634615384615384 0.0985576923076923
2 0.2824519230769231 0.2980769230769231 0.03125 0.08413461538461539
2 0.35216346153846156 0.2848557692307692 0.02403846153846154 0.07692307692307693
2 0.4266826923076923 0.2800480769230769 0.028846153846153848 0.09134615384615384
2 0.44350961538461536 0.26802884615384615 0.009615384615384616 0.09375
2 0.4495192307692308 0.24759615384615385 0.009615384615384616 0.03365384615384615
2 0.46875 0.24759615384615385 0.016826923076923076 0.0625
2 0.46153846153846156 0.2920673076923077 0.019230769230769232 0.08653846153846154
2 0.48197115384615385 0.31490384615384615 0.03365384615384615 0.08413461538461539
2 0.5168269230769231 0.3004807692307692 0.02403846153846154 0.09375
2 0.640625 0.30649038461538464 0.021634615384615384 0.12740384615384615