3 0.6538461538461539 0.2776442307692308 0.052884615384615384 0.08653846153846154
0 0.33653846153846156 0.6009615384615384 0.021634615384615384 0.04326923076923077
2 0.030048076923076924 0.6033653846153846 0.06009615384615385 0.28846153846153844
2 0.10216346153846154 0.7620192307692307 0.0985576923076923 0.35336538461538464
2 0.30528846153846156 0.6466346153846154 0.10096153846153846 0.2932692307692308
2 0.4182692307692308 0.5625 0.07692307692307693 0.24278846153846154
2 0.48197115384615385 0.5516826923076923 0.07451923076923077 0.20192307692307693
2 0.546875 0.5348557692307693 0.06971153846153846 0.21634615384615385
2 0.4579326923076923 0.8930288461538461 0.09375 0.21394230769230768
2 0.6274038461538461 0.6790865384615384 0.09134615384615384 0.35336538461538464
2 0.7415865384615384 0.6382211538461539 0.08653846153846154 0.3557692307692308
2 0.6911057692307693 0.43509615384615385 0.07451923076923077 0.25240384615384615
2 0.5829326923076923 0.3737980769230769 0.06971153846153846 0.23798076923076922
0 0.5985576923076923 0.3425480769230769 0.016826923076923076 0.03365384615384615