3 0.6694711538461539 0.28846153846153844 0.046875 0.0829326923076923
0 0.3293269230769231 0.5889423076923077 0.019230769230769232 0.040865384615384616
2 0.02283653846153846 0.5697115384615384 0.04447115384615385 0.2860576923076923
2 0.08533653846153846 0.7331730769230769 0.0733173076923077 0.34975961538461536
2 0.2956730769230769 0.6322115384615384 0.08173076923076923 0.28725961538461536
2 0.41466346153846156 0.5564903846153846 0.06009615384615385 0.23798076923076922
2 0.47836538461538464 0.5504807692307693 0.06129807692307692 0.1971153846153846
2 0.5444711538461539 0.5384615384615384 0.055288461538461536 0.2127403846153846
2 0.43149038461538464 0.8930288461538461 0.07932692307692307 0.21394230769230768
2 0.6141826923076923 0.6875 0.06610576923076923 0.3485576923076923
2 0.7307692307692307 0.6550480769230769 0.06129807692307692 0.35336538461538464
2 0.6947115384615384 0.4483173076923077 0.056490384615384616 0.24879807692307693
2 0.5913461538461539 0.3798076923076923 0.052884615384615384 0.234375
0 0.609375 0.34975961538461536 0.015625 0.03365384615384615