3 0.6802884615384616 0.2980769230769231 0.05048076923076923 0.08413461538461539
0 0.3245192307692308 0.5793269230769231 0.021634615384615384 0.040865384615384616
2 0.025240384615384616 0.5432692307692307 0.05048076923076923 0.28846153846153844
2 0.0733173076923077 0.7115384615384616 0.09134615384615384 0.35336538461538464
2 0.28846153846153844 0.6213942307692307 0.09615384615384616 0.29086538461538464
2 0.41225961538461536 0.5516826923076923 0.07211538461538461 0.2403846153846154
2 0.47596153846153844 0.5492788461538461 0.07211538461538461 0.19951923076923078
2 0.5420673076923077 0.5408653846153846 0.0673076923076923 0.21634615384615385
2 0.4110576923076923 0.8894230769230769 0.09134615384615384 0.21875
2 0.6045673076923077 0.6935096153846154 0.08413461538461539 0.35096153846153844
2 0.7223557692307693 0.6670673076923077 0.07932692307692307 0.3557692307692308
2 0.6971153846153846 0.45913461538461536 0.06971153846153846 0.25240384615384615
2 0.5973557692307693 0.38461538461538464 0.06490384615384616 0.23798076923076922
0 0.6165865384615384 0.3557692307692308 0.016826923076923076 0.03365384615384615