3 0.6550480769230769 0.49158653846153844 0.052884615384615384 0.07932692307692307
2 0.7379807692307693 0.8221153846153846 0.11298076923076923 0.2548076923076923
2 0.5925480769230769 0.8161057692307693 0.125 0.23557692307692307
2 0.5432692307692307 0.7896634615384616 0.06971153846153846 0.2668269230769231
2 0.43990384615384615 0.7067307692307693 0.055288461538461536 0.2403846153846154
2 0.3425480769230769 0.7584134615384616 0.07932692307692307 0.24278846153846154
2 0.21754807692307693 0.8317307692307693 0.09134615384615384 0.28365384615384615
2 0.02403846153846154 0.7055288461538461 0.04807692307692308 0.21394230769230768
0 0.4987980769230769 0.4326923076923077 0.02403846153846154 0.036057692307692304
2 0.23918269230769232 0.7139423076923077 0.05048076923076923 0.19471153846153846
2 0.16105769230769232 0.7740384615384616 0.11778846153846154 0.23317307692307693