3 0.6550480769230769 0.49399038461538464 0.055288461538461536 0.07932692307692307
2 0.7319711538461539 0.8257211538461539 0.11778846153846154 0.25721153846153844
2 0.5865384615384616 0.8173076923076923 0.12740384615384615 0.23798076923076922
2 0.5372596153846154 0.7908653846153846 0.07451923076923077 0.2668269230769231
2 0.4362980769230769 0.7055288461538461 0.06009615384615385 0.2403846153846154
2 0.3389423076923077 0.7548076923076923 0.08413461538461539 0.24519230769230768
2 0.21153846153846154 0.8269230769230769 0.09615384615384616 0.2860576923076923
2 0.02403846153846154 0.6959134615384616 0.04807692307692308 0.21394230769230768
0 0.5 0.4326923076923077 0.02403846153846154 0.036057692307692304
2 0.23557692307692307 0.7091346153846154 0.052884615384615384 0.19471153846153846
2 0.15625 0.7680288461538461 0.12259615384615384 0.23557692307692307