3 0.6550480769230769 0.4855769230769231 0.05048076923076923 0.07692307692307693
2 0.7487980769230769 0.8137019230769231 0.1045673076923077 0.25240384615384615
2 0.6033653846153846 0.8125 0.11658653846153846 0.23197115384615385
2 0.5528846153846154 0.7884615384615384 0.06009615384615385 0.2644230769230769
2 0.44711538461538464 0.7091346153846154 0.04807692307692308 0.23918269230769232
2 0.35216346153846156 0.7632211538461539 0.07091346153846154 0.24158653846153846
2 0.22956730769230768 0.8413461538461539 0.08052884615384616 0.28125
2 0.03125 0.7223557692307693 0.04326923076923077 0.21153846153846154
0 0.4963942307692308 0.4326923076923077 0.021634615384615384 0.03485576923076923
2 0.24639423076923078 0.7223557692307693 0.04326923076923077 0.19230769230769232
2 0.17067307692307693 0.7860576923076923 0.11057692307692307 0.22956730769230768