2 0.7824519230769231 0.6622596153846154 0.15625 0.43509615384615385
2 0.6947115384615384 0.5877403846153846 0.15144230769230768 0.40384615384615385
2 0.5396634615384616 0.5456730769230769 0.13701923076923078 0.3389423076923077
2 0.6117788461538461 0.6814903846153846 0.12259615384615384 0.30528846153846156
2 0.39783653846153844 0.6490384615384616 0.07692307692307693 0.22115384615384615
2 0.31009615384615385 0.6574519230769231 0.06971153846153846 0.19230769230769232
2 0.08173076923076923 0.6838942307692307 0.09375 0.21634615384615385
0 0.5817307692307693 0.3713942307692308 0.028846153846153848 0.04326923076923077
2 0.6310096153846154 0.5649038461538461 0.12740384615384615 0.36778846153846156
4 0.6274038461538461 0.5480769230769231 0.1346153846153846 0.40625
3 0.5012019230769231 0.34134615384615385 0.06009615384615385 0.0889423076923077