2 0.7536057692307693 0.7043269230769231 0.09014423076923077 0.4254807692307692
2 0.6790865384615384 0.6177884615384616 0.09134615384615384 0.3954326923076923
2 0.5324519230769231 0.5516826923076923 0.08774038461538461 0.3293269230769231
2 0.5817307692307693 0.6971153846153846 0.078125 0.296875
2 0.3762019230769231 0.6310096153846154 0.04447115384615385 0.21634615384615385
2 0.28725961538461536 0.6262019230769231 0.042067307692307696 0.1875
2 0.057692307692307696 0.6165865384615384 0.0625 0.20793269230769232
0 0.6009615384615384 0.3858173076923077 0.02403846153846154 0.039663461538461536
2 0.6189903846153846 0.5841346153846154 0.07211538461538461 0.36177884615384615
4 0.6177884615384616 0.5673076923076923 0.07211538461538461 0.39903846153846156
3 0.5264423076923077 0.34375 0.046875 0.08173076923076923