2 0.7704326923076923 0.6814903846153846 0.12740384615384615 0.4326923076923077
2 0.6887019230769231 0.6021634615384616 0.125 0.4014423076923077
2 0.5372596153846154 0.5480769230769231 0.11538461538461539 0.33653846153846156
2 0.5985576923076923 0.6887019230769231 0.10336538461538461 0.30288461538461536
2 0.38822115384615385 0.6418269230769231 0.0625 0.21875
2 0.29927884615384615 0.6442307692307693 0.057692307692307696 0.18990384615384615
2 0.06971153846153846 0.6550480769230769 0.07932692307692307 0.21153846153846154
0 0.5901442307692307 0.37740384615384615 0.026442307692307692 0.040865384615384616
2 0.6262019230769231 0.5733173076923077 0.10336538461538461 0.36778846153846156
4 0.6237980769230769 0.5564903846153846 0.10576923076923077 0.40384615384615385
3 0.5132211538461539 0.3425480769230769 0.052884615384615384 0.08653846153846154