2 0.9579326923076923 0.7439903846153846 0.08413461538461539 0.49038461538461536
2 0.6983173076923077 0.7584134615384616 0.15144230769230768 0.4831730769230769
2 0.47596153846153844 0.6754807692307693 0.06971153846153846 0.35336538461538464
2 0.28725961538461536 0.6971153846153846 0.11298076923076923 0.40625
2 0.18629807692307693 0.6766826923076923 0.10576923076923077 0.3894230769230769
2 0.10697115384615384 0.6802884615384616 0.08653846153846154 0.3942307692307692
2 0.6418269230769231 0.6057692307692307 0.052884615384615384 0.18269230769230768
2 0.34615384615384615 0.6045673076923077 0.05048076923076923 0.2091346153846154
0 0.30288461538461536 0.41947115384615385 0.028846153846153848 0.04807692307692308
2 0.29927884615384615 0.453125 0.07932692307692307 0.10817307692307693
4 0.29927884615384615 0.4495192307692308 0.08173076923076923 0.11298076923076923
3 0.23798076923076922 0.31490384615384615 0.06971153846153846 0.12980769230769232