2 0.9663461538461539 0.7283653846153846 0.0673076923076923 0.4879807692307692
2 0.7079326923076923 0.7560096153846154 0.13341346153846154 0.4879807692307692
2 0.48197115384615385 0.6766826923076923 0.057692307692307696 0.35096153846153844
2 0.29447115384615385 0.7043269230769231 0.09975961538461539 0.4026442307692308
2 0.19230769230769232 0.6875 0.09254807692307693 0.3858173076923077
2 0.11298076923076923 0.6935096153846154 0.0733173076923077 0.39302884615384615
2 0.6454326923076923 0.6009615384615384 0.046875 0.18028846153846154
2 0.34975961538461536 0.609375 0.04326923076923077 0.20673076923076922
0 0.3004807692307692 0.4266826923076923 0.026442307692307692 0.04807692307692308
2 0.2980769230769231 0.46033653846153844 0.07572115384615384 0.10576923076923077
4 0.2980769230769231 0.4567307692307692 0.07692307692307693 0.109375
3 0.23197115384615385 0.3245192307692308 0.06610576923076923 0.12740384615384615