2 0.9639423076923077 0.6862980769230769 0.07211538461538461 0.49278846153846156
2 0.7295673076923077 0.7367788461538461 0.17548076923076922 0.49759615384615385
2 0.49759615384615385 0.6778846153846154 0.0889423076923077 0.3557692307692308
2 0.3125 0.7211538461538461 0.1346153846153846 0.40865384615384615
2 0.21033653846153846 0.7139423076923077 0.125 0.3918269230769231
2 0.1310096153846154 0.7259615384615384 0.10817307692307693 0.39903846153846156
2 0.6538461538461539 0.5877403846153846 0.0625 0.18269230769230768
2 0.359375 0.6225961538461539 0.06009615384615385 0.2091346153846154
0 0.29447115384615385 0.44471153846153844 0.03125 0.05048076923076923
2 0.2956730769230769 0.47836538461538464 0.08413461538461539 0.11298076923076923
4 0.2956730769230769 0.47475961538461536 0.08653846153846154 0.11538461538461539
3 0.21754807692307693 0.3485576923076923 0.07692307692307693 0.13221153846153846