3 0.5637019230769231 0.13822115384615385 0.08173076923076923 0.11778846153846154
2 0.59375 0.5985576923076923 0.07451923076923077 0.3942307692307692
2 0.4723557692307692 0.6466346153846154 0.0733173076923077 0.33052884615384615
2 0.2247596153846154 0.625 0.055288461538461536 0.41586538461538464
0 0.5060096153846154 0.5865384615384616 0.03245192307692308 0.051682692307692304
2 0.40024038461538464 0.5264423076923077 0.09375 0.5252403846153846
2 0.53125 0.5444711538461539 0.03485576923076923 0.18269230769230768
2 0.9675480769230769 0.5721153846153846 0.06129807692307692 0.22716346153846154
2 0.1346153846153846 0.5372596153846154 0.038461538461538464 0.18269230769230768
2 0.27403846153846156 0.5757211538461539 0.0625 0.2860576923076923
2 0.3245192307692308 0.5288461538461539 0.027644230769230768 0.14783653846153846