3 0.6129807692307693 0.1502403846153846 0.09615384615384616 0.12740384615384615
2 0.5793269230769231 0.6105769230769231 0.12980769230769232 0.4014423076923077
2 0.4519230769230769 0.6418269230769231 0.11778846153846154 0.33653846153846156
2 0.21033653846153846 0.5853365384615384 0.11298076923076923 0.4206730769230769
0 0.49399038461538464 0.5865384615384616 0.038461538461538464 0.055288461538461536
2 0.39783653846153844 0.5120192307692307 0.1658653846153846 0.5336538461538461
2 0.5252403846153846 0.5480769230769231 0.06009615384615385 0.18509615384615385
2 0.953125 0.6370192307692307 0.09134615384615384 0.23317307692307693
2 0.13341346153846154 0.4855769230769231 0.0625 0.18509615384615385
2 0.265625 0.5432692307692307 0.10096153846153846 0.29086538461538464
2 0.32211538461538464 0.5036057692307693 0.04807692307692308 0.15144230769230768