3 0.48677884615384615 0.13341346153846154 0.10336538461538461 0.13221153846153846
2 0.6117788461538461 0.5769230769230769 0.15384615384615385 0.4014423076923077
2 0.5036057692307693 0.6490384615384616 0.13942307692307693 0.3389423076923077
2 0.25721153846153844 0.6790865384615384 0.13942307692307693 0.4182692307692308
0 0.5240384615384616 0.5829326923076923 0.04326923076923077 0.057692307692307696
2 0.4074519230769231 0.546875 0.20192307692307693 0.5336538461538461
2 0.5396634615384616 0.5372596153846154 0.07211538461538461 0.18509615384615385
2 0.9591346153846154 0.4735576923076923 0.08173076923076923 0.23557692307692307
2 0.1502403846153846 0.6129807692307693 0.07451923076923077 0.1875
2 0.29447115384615385 0.6213942307692307 0.1201923076923077 0.2932692307692308
2 0.33413461538461536 0.5649038461538461 0.057692307692307696 0.15144230769230768