3 0.2668269230769231 0.2439903846153846 0.055288461538461536 0.0673076923076923
2 0.6310096153846154 0.6502403846153846 0.25961538461538464 0.47836538461538464
2 0.44591346153846156 0.5757211538461539 0.14182692307692307 0.3173076923076923
2 0.36177884615384615 0.5120192307692307 0.10096153846153846 0.20432692307692307
2 0.19230769230769232 0.4987980769230769 0.10817307692307693 0.23076923076923078
2 0.7908653846153846 0.5721153846153846 0.11298076923076923 0.23076923076923078
0 0.4579326923076923 0.0733173076923077 0.026442307692307692 0.03365384615384615
2 0.8978365384615384 0.5913461538461539 0.12259615384615384 0.2283653846153846
2 0.8990384615384616 0.5564903846153846 0.06009615384615385 0.13942307692307693
2 0.9603365384615384 0.5673076923076923 0.06009615384615385 0.14423076923076922
2 0.7451923076923077 0.5276442307692307 0.057692307692307696 0.1346153846153846
2 0.6045673076923077 0.5036057692307693 0.04807692307692308 0.12740384615384615
2 0.5132211538461539 0.5288461538461539 0.11057692307692307 0.19951923076923078
2 0.17908653846153846 0.44350961538461536 0.07451923076923077 0.24759615384615385