3 0.21153846153846154 0.3076923076923077 0.04807692307692308 0.0625
2 0.6634615384615384 0.6141826923076923 0.21394230769230768 0.46634615384615385
2 0.46634615384615385 0.5865384615384616 0.11057692307692307 0.3125
2 0.36899038461538464 0.5456730769230769 0.08173076923076923 0.19951923076923078
2 0.20192307692307693 0.5721153846153846 0.08413461538461539 0.22596153846153846
2 0.8004807692307693 0.5 0.09134615384615384 0.22596153846153846
0 0.3557692307692308 0.09615384615384616 0.02403846153846154 0.03365384615384615
2 0.9074519230769231 0.49158653846153844 0.10096153846153846 0.22115384615384615
2 0.9002403846153846 0.45913461538461536 0.04567307692307692 0.13701923076923078
2 0.9627403846153846 0.4543269230769231 0.04807692307692308 0.14182692307692307
2 0.7451923076923077 0.4675480769230769 0.04326923076923077 0.13221153846153846
2 0.6021634615384616 0.47836538461538464 0.036057692307692304 0.125
2 0.5192307692307693 0.5252403846153846 0.09134615384615384 0.19230769230769232
2 0.17548076923076922 0.5228365384615384 0.05048076923076923 0.24759615384615385