3 0.22596153846153846 0.28846153846153844 0.04447115384615385 0.06009615384615385
2 0.6550480769230769 0.625 0.18269230769230768 0.4543269230769231
2 0.46033653846153844 0.5841346153846154 0.09014423076923077 0.30649038461538464
2 0.36658653846153844 0.5360576923076923 0.06850961538461539 0.19471153846153846
2 0.1971153846153846 0.5516826923076923 0.06971153846153846 0.22115384615384615
2 0.7992788461538461 0.5204326923076923 0.07572115384615384 0.22115384615384615
0 0.38461538461538464 0.08653846153846154 0.021634615384615384 0.03125
2 0.9074519230769231 0.5204326923076923 0.08653846153846154 0.21634615384615385
2 0.9026442307692307 0.48677884615384615 0.037259615384615384 0.1346153846153846
2 0.9651442307692307 0.48677884615384615 0.037259615384615384 0.13942307692307693
2 0.7463942307692307 0.484375 0.03485576923076923 0.1310096153846154
2 0.6033653846153846 0.4855769230769231 0.027644230769230768 0.12379807692307693
2 0.5180288461538461 0.5264423076923077 0.07932692307692307 0.1875
2 0.17427884615384615 0.5 0.03245192307692308 0.24639423076923078