3 0.6310096153846154 0.11177884615384616 0.1141826923076923 0.22115384615384615
2 0.6237980769230769 0.7079326923076923 0.078125 0.25
2 0.515625 0.6935096153846154 0.052884615384615384 0.23798076923076922
2 0.29447115384615385 0.7487980769230769 0.09375 0.3269230769230769
2 0.38461538461538464 0.6646634615384616 0.042067307692307696 0.1201923076923077
2 0.43028846153846156 0.6418269230769231 0.03125 0.11778846153846154
0 0.5588942307692307 0.057692307692307696 0.04447115384615385 0.06610576923076923
2 0.8485576923076923 0.609375 0.04567307692307692 0.15745192307692307
2 0.6838942307692307 0.65625 0.04927884615384615 0.17427884615384615
2 0.5420673076923077 0.6490384615384616 0.028846153846153848 0.1466346153846154
2 0.5853365384615384 0.6454326923076923 0.037259615384615384 0.15504807692307693
2 0.6105769230769231 0.5997596153846154 0.019230769230769232 0.0625