3 0.6165865384615384 0.109375 0.12259615384615384 0.21875
2 0.6310096153846154 0.703125 0.08653846153846154 0.25240384615384615
2 0.5228365384615384 0.6923076923076923 0.06009615384615385 0.2403846153846154
2 0.30288461538461536 0.7560096153846154 0.10576923076923077 0.3293269230769231
2 0.390625 0.6682692307692307 0.04567307692307692 0.12259615384615384
2 0.43509615384615385 0.6442307692307693 0.036057692307692304 0.11778846153846154
0 0.5432692307692307 0.056490384615384616 0.04567307692307692 0.0673076923076923
2 0.8521634615384616 0.5973557692307693 0.05048076923076923 0.15865384615384615
2 0.6887019230769231 0.6502403846153846 0.055288461538461536 0.17548076923076922
2 0.546875 0.6478365384615384 0.03365384615384615 0.1466346153846154
2 0.5901442307692307 0.6418269230769231 0.04326923076923077 0.15625
2 0.6141826923076923 0.5961538461538461 0.021634615384615384 0.0625