3 0.5949519230769231 0.10817307692307693 0.13221153846153846 0.21634615384615385
2 0.6418269230769231 0.6959134615384616 0.0985576923076923 0.2548076923076923
2 0.5324519230769231 0.6911057692307693 0.07451923076923077 0.24278846153846154
2 0.3173076923076923 0.765625 0.12259615384615384 0.33413461538461536
2 0.39903846153846156 0.6742788461538461 0.052884615384615384 0.12259615384615384
2 0.44350961538461536 0.6478365384615384 0.040865384615384616 0.1201923076923077
0 0.5204326923076923 0.054086538461538464 0.05048076923076923 0.06971153846153846
2 0.8569711538461539 0.578125 0.06009615384615385 0.16105769230769232
2 0.6971153846153846 0.6394230769230769 0.06490384615384616 0.1778846153846154
2 0.5552884615384616 0.6442307692307693 0.040865384615384616 0.14903846153846154
2 0.5973557692307693 0.6370192307692307 0.05048076923076923 0.15865384615384615
2 0.6189903846153846 0.5901442307692307 0.02403846153846154 0.06490384615384616