2 0.5204326923076923 0.5516826923076923 0.10697115384615384 0.46153846153846156
2 0.375 0.4963942307692308 0.06490384615384616 0.32091346153846156
2 0.1778846153846154 0.4891826923076923 0.09375 0.3317307692307692
2 0.6646634615384616 0.49759615384615385 0.09495192307692307 0.2860576923076923
2 0.7572115384615384 0.47836538461538464 0.04927884615384615 0.18870192307692307
2 0.27283653846153844 0.49399038461538464 0.109375 0.2920673076923077
3 0.234375 0.15384615384615385 0.046875 0.08413461538461539
0 0.19951923076923078 0.19831730769230768 0.026442307692307692 0.042067307692307696
2 0.203125 0.41346153846153844 0.08413461538461539 0.4170673076923077
4 0.203125 0.4014423076923077 0.08413461538461539 0.4483173076923077
2 0.3269230769230769 0.47596153846153844 0.055288461538461536 0.2764423076923077