2 0.5120192307692307 0.5540865384615384 0.1778846153846154 0.4735576923076923
2 0.37740384615384615 0.47716346153846156 0.11538461538461539 0.3269230769230769
2 0.18389423076923078 0.4387019230769231 0.14423076923076922 0.34134615384615385
2 0.6634615384615384 0.5228365384615384 0.13942307692307693 0.2980769230769231
2 0.7572115384615384 0.5192307692307693 0.07932692307692307 0.19471153846153846
2 0.2764423076923077 0.4579326923076923 0.15384615384615385 0.30528846153846156
3 0.2920673076923077 0.11658653846153846 0.06009615384615385 0.09134615384615384
0 0.25 0.15504807692307693 0.03365384615384615 0.04567307692307692
2 0.21995192307692307 0.36778846153846156 0.14903846153846154 0.4254807692307692
4 0.22235576923076922 0.3557692307692308 0.15384615384615385 0.4567307692307692
2 0.3329326923076923 0.4495192307692308 0.0985576923076923 0.28125