2 0.5228365384615384 0.5504807692307693 0.12980769230769232 0.46634615384615385
2 0.375 0.5024038461538461 0.08173076923076923 0.3245192307692308
2 0.1778846153846154 0.5060096153846154 0.11057692307692307 0.33653846153846156
2 0.6646634615384616 0.4891826923076923 0.11057692307692307 0.29086538461538464
2 0.7560096153846154 0.4651442307692308 0.06009615384615385 0.18990384615384615
2 0.27283653846153844 0.5060096153846154 0.125 0.2980769230769231
3 0.21634615384615385 0.16826923076923078 0.05048076923076923 0.08653846153846154
0 0.18389423076923078 0.21394230769230768 0.028846153846153848 0.04326923076923077
2 0.19951923076923078 0.42908653846153844 0.10576923076923077 0.4206730769230769
4 0.19831730769230768 0.4170673076923077 0.10817307692307693 0.4519230769230769
2 0.32572115384615385 0.4855769230769231 0.06971153846153846 0.27884615384615385