2 0.7524038461538461 0.671875 0.1466346153846154 0.32211538461538464
2 0.5709134615384616 0.6923076923076923 0.11538461538461539 0.3581730769230769
2 0.44471153846153844 0.7067307692307693 0.14903846153846154 0.3389423076923077
2 0.31850961538461536 0.6983173076923077 0.11538461538461539 0.23076923076923078
2 0.5096153846153846 0.6394230769230769 0.07451923076923077 0.18269230769230768
0 0.34375 0.6490384615384616 0.028846153846153848 0.03365384615384615
3 0.6730769230769231 0.4074519230769231 0.055288461538461536 0.07451923076923077
2 0.8064903846153846 0.6322115384615384 0.09375 0.2283653846153846
2 0.6081730769230769 0.6358173076923077 0.06009615384615385 0.17067307692307693
2 0.21995192307692307 0.6742788461538461 0.055288461538461536 0.15384615384615385
2 0.2536057692307692 0.7007211538461539 0.06009615384615385 0.13221153846153846