2 0.7487980769230769 0.6766826923076923 0.13942307692307693 0.31971153846153844
2 0.5673076923076923 0.6935096153846154 0.11057692307692307 0.3581730769230769
2 0.4411057692307692 0.7055288461538461 0.14182692307692307 0.33653846153846156
2 0.3161057692307692 0.6947115384615384 0.11298076923076923 0.23076923076923078
2 0.5072115384615384 0.6394230769230769 0.07211538461538461 0.18269230769230768
0 0.34134615384615385 0.6466346153846154 0.028846153846153848 0.03365384615384615
3 0.6742788461538461 0.4110576923076923 0.055288461538461536 0.07451923076923077
2 0.8040865384615384 0.6370192307692307 0.09134615384615384 0.2283653846153846
2 0.6057692307692307 0.6370192307692307 0.057692307692307696 0.17067307692307693
2 0.21634615384615385 0.6694711538461539 0.052884615384615384 0.15384615384615385
2 0.25 0.6971153846153846 0.057692307692307696 0.13221153846153846