2 0.7259615384615384 0.7055288461538461 0.10336538461538461 0.31009615384615385
2 0.5432692307692307 0.7007211538461539 0.0673076923076923 0.35216346153846156
2 0.41586538461538464 0.6971153846153846 0.10336538461538461 0.3269230769230769
2 0.2932692307692308 0.6706730769230769 0.08653846153846154 0.22115384615384615
2 0.49038461538461536 0.6394230769230769 0.05048076923076923 0.17668269230769232
0 0.3245192307692308 0.6262019230769231 0.02403846153846154 0.03125
3 0.6838942307692307 0.4326923076923077 0.046875 0.06850961538461539
2 0.7848557692307693 0.6730769230769231 0.06370192307692307 0.22235576923076922
2 0.5877403846153846 0.6490384615384616 0.037259615384615384 0.16706730769230768
2 0.19831730769230768 0.6334134615384616 0.03485576923076923 0.1502403846153846
2 0.2283653846153846 0.6646634615384616 0.04326923076923077 0.12860576923076922