2 0.6694711538461539 0.6682692307692307 0.10336538461538461 0.5084134615384616
2 0.20072115384615385 0.7019230769230769 0.109375 0.5961538461538461
2 0.5228365384615384 0.6622596153846154 0.10216346153846154 0.49158653846153844
0 0.4543269230769231 0.8161057692307693 0.0673076923076923 0.09134615384615384
2 0.4362980769230769 0.7403846153846154 0.17548076923076922 0.4831730769230769
0 0.3786057692307692 0.49399038461538464 0.021634615384615384 0.030048076923076924
2 0.4026442307692308 0.5108173076923077 0.06370192307692307 0.21875
3 0.421875 0.2283653846153846 0.056490384615384616 0.09375
3 0.43509615384615385 0.35216346153846156 0.02403846153846154 0.030048076923076924
2 0.5588942307692307 0.5384615384615384 0.051682692307692304 0.2980769230769231
2 0.6923076923076923 0.4387019230769231 0.04567307692307692 0.15144230769230768
3 0.8341346153846154 0.36658653846153844 0.018028846153846152 0.036057692307692304