2 0.6778846153846154 0.6586538461538461 0.12980769230769232 0.5120192307692307
2 0.21153846153846154 0.7079326923076923 0.13942307692307693 0.5841346153846154
2 0.53125 0.6610576923076923 0.12740384615384615 0.4951923076923077
0 0.47115384615384615 0.8185096153846154 0.07211538461538461 0.09375
2 0.4495192307692308 0.7427884615384616 0.19951923076923078 0.49278846153846156
0 0.3786057692307692 0.5 0.02403846153846154 0.03125
2 0.40384615384615385 0.515625 0.07451923076923077 0.22115384615384615
3 0.4074519230769231 0.23317307692307693 0.0625 0.09615384615384616
3 0.42788461538461536 0.3557692307692308 0.026442307692307692 0.03125
2 0.5612980769230769 0.5348557692307693 0.0673076923076923 0.3004807692307692
2 0.6887019230769231 0.42908653846153844 0.052884615384615384 0.15384615384615385
3 0.8269230769230769 0.34975961538461536 0.019230769230769232 0.036057692307692304