2 0.6634615384615384 0.6742788461538461 0.1201923076923077 0.5120192307692307
2 0.1935096153846154 0.6911057692307693 0.12980769230769232 0.5985576923076923
2 0.5168269230769231 0.6634615384615384 0.1201923076923077 0.4951923076923077
0 0.44350961538461536 0.8149038461538461 0.06971153846153846 0.09375
2 0.42788461538461536 0.7379807692307693 0.19230769230769232 0.4879807692307692
0 0.3786057692307692 0.4891826923076923 0.021634615384615384 0.03125
2 0.4026442307692308 0.5072115384615384 0.07211538461538461 0.22115384615384615
3 0.43149038461538464 0.22596153846153846 0.06009615384615385 0.09615384615384616
3 0.43990384615384615 0.34975961538461536 0.02403846153846154 0.03125
2 0.5576923076923077 0.5408653846153846 0.0625 0.3004807692307692
2 0.6947115384615384 0.44591346153846156 0.05048076923076923 0.15384615384615385
3 0.8389423076923077 0.3786057692307692 0.019230769230769232 0.036057692307692304