2 0.9543269230769231 0.6334134615384616 0.09134615384615384 0.3233173076923077
2 0.8882211538461539 0.6117788461538461 0.057692307692307696 0.31490384615384615
2 0.7127403846153846 0.5925480769230769 0.07091346153846154 0.23317307692307693
2 0.203125 0.5793269230769231 0.0625 0.2848557692307692
3 0.8137019230769231 0.3798076923076923 0.039663461538461536 0.06490384615384616
2 0.5024038461538461 0.4951923076923077 0.07572115384615384 0.5024038461538461
0 0.5637019230769231 0.15865384615384615 0.046875 0.06971153846153846
4 0.5264423076923077 0.43509615384615385 0.12259615384615384 0.625
2 0.5588942307692307 0.5192307692307693 0.056490384615384616 0.44350961538461536
2 0.6045673076923077 0.5841346153846154 0.040865384615384616 0.1875
2 0.265625 0.5745192307692307 0.04326923076923077 0.19230769230769232
3 0.2620192307692308 0.46153846153846156 0.02283653846153846 0.037259615384615384