2 0.9471153846153846 0.5444711538461539 0.10576923076923077 0.33413461538461536
2 0.9026442307692307 0.5360576923076923 0.11778846153846154 0.31971153846153844
2 0.7259615384615384 0.5504807692307693 0.11298076923076923 0.24278846153846154
2 0.22355769230769232 0.6346153846153846 0.11538461538461539 0.29086538461538464
3 0.7848557692307693 0.32211538461538464 0.05048076923076923 0.07211538461538461
2 0.5012019230769231 0.4951923076923077 0.17067307692307693 0.5072115384615384
0 0.49759615384615385 0.15264423076923078 0.06009615384615385 0.07692307692307693
4 0.5132211538461539 0.43149038461538464 0.2403846153846154 0.6370192307692307
2 0.5612980769230769 0.5072115384615384 0.13942307692307693 0.44711538461538464
2 0.6189903846153846 0.5625 0.07692307692307693 0.19230769230769232
2 0.28365384615384615 0.6177884615384616 0.07932692307692307 0.1971153846153846
3 0.25961538461538464 0.5072115384615384 0.028846153846153848 0.040865384615384616