2 0.9519230769230769 0.6418269230769231 0.09615384615384616 0.3245192307692308
2 0.8858173076923077 0.6189903846153846 0.0625 0.31490384615384615
2 0.7115384615384616 0.5961538461538461 0.07451923076923077 0.23557692307692307
2 0.20192307692307693 0.5745192307692307 0.0673076923076923 0.2860576923076923
3 0.8161057692307693 0.3858173076923077 0.040865384615384616 0.06490384615384616
2 0.5024038461538461 0.4951923076923077 0.08413461538461539 0.5048076923076923
0 0.5697115384615384 0.15985576923076922 0.04807692307692308 0.06971153846153846
4 0.5276442307692307 0.43509615384615385 0.1346153846153846 0.6274038461538461
2 0.5588942307692307 0.5204326923076923 0.06490384615384616 0.44471153846153844
2 0.6033653846153846 0.5865384615384616 0.04326923076923077 0.1875
2 0.2644230769230769 0.5709134615384616 0.04567307692307692 0.19230769230769232
3 0.26322115384615385 0.4579326923076923 0.02403846153846154 0.038461538461538464