2 0.4423076923076923 0.8064903846153846 0.125 0.36538461538461536
2 0.9074519230769231 0.8689903846153846 0.12259615384615384 0.2620192307692308
2 0.8233173076923077 0.8701923076923077 0.1658653846153846 0.25961538461538464
2 0.7487980769230769 0.8425480769230769 0.07451923076923077 0.2091346153846154
2 0.057692307692307696 0.7848557692307693 0.11538461538461539 0.31971153846153844
2 0.11658653846153846 0.7884615384615384 0.1201923076923077 0.3293269230769231
3 0.6213942307692307 0.25240384615384615 0.14182692307692307 0.15865384615384615
0 0.5120192307692307 0.4014423076923077 0.040865384615384616 0.055288461538461536
2 0.16466346153846154 0.7716346153846154 0.07451923076923077 0.2620192307692308
2 0.27884615384615385 0.75 0.04807692307692308 0.1201923076923077
3 0.39783653846153844 0.671875 0.019230769230769232 0.028846153846153848
3 0.8533653846153846 0.7199519230769231 0.016826923076923076 0.021634615384615384