2 0.4855769230769231 0.8112980769230769 0.07451923076923077 0.359375
2 0.9603365384615384 0.8401442307692307 0.078125 0.31971153846153844
2 0.8774038461538461 0.8497596153846154 0.125 0.3004807692307692
2 0.7944711538461539 0.8040865384615384 0.046875 0.20552884615384615
2 0.06971153846153846 0.8485576923076923 0.13942307692307693 0.30288461538461536
2 0.16105769230769232 0.8389423076923077 0.07692307692307693 0.32211538461538464
3 0.5853365384615384 0.23798076923076922 0.12259615384615384 0.14182692307692307
0 0.49759615384615385 0.40024038461538464 0.03365384615384615 0.051682692307692304
2 0.20552884615384615 0.8161057692307693 0.038461538461538464 0.25841346153846156
2 0.3161057692307692 0.7788461538461539 0.03245192307692308 0.11778846153846154
3 0.4230769230769231 0.6838942307692307 0.015625 0.027644230769230768
3 0.8810096153846154 0.6682692307692307 0.014423076923076924 0.020432692307692308