2 0.2704326923076923 0.7235576923076923 0.078125 0.2932692307692308
2 0.10096153846153846 0.7307692307692307 0.09375 0.36177884615384615
2 0.6911057692307693 0.6899038461538461 0.09134615384615384 0.32091346153846156
2 0.8954326923076923 0.6646634615384616 0.036057692307692304 0.1045673076923077
2 0.8557692307692307 0.6838942307692307 0.052884615384615384 0.140625
3 0.3425480769230769 0.2091346153846154 0.10576923076923077 0.13822115384615385
0 0.6141826923076923 0.2920673076923077 0.03365384615384615 0.04567307692307692
2 0.7367788461538461 0.6682692307692307 0.030048076923076924 0.11298076923076923
2 0.40384615384615385 0.6706730769230769 0.019230769230769232 0.1045673076923077
2 0.5384615384615384 0.6682692307692307 0.02403846153846154 0.09375
0 0.4423076923076923 0.6165865384615384 0.007211538461538462 0.009615384615384616
3 0.5012019230769231 0.5913461538461539 0.013221153846153846 0.019230769230769232