2 0.23798076923076922 0.6850961538461539 0.12259615384615384 0.30288461538461536
2 0.07211538461538461 0.6646634615384616 0.14423076923076922 0.37259615384615385
2 0.6586538461538461 0.7175480769230769 0.13942307692307693 0.3317307692307692
2 0.8653846153846154 0.7247596153846154 0.052884615384615384 0.10817307692307693
2 0.8221153846153846 0.7367788461538461 0.07451923076923077 0.1466346153846154
3 0.3894230769230769 0.1875 0.125 0.15384615384615385
0 0.6454326923076923 0.3125 0.040865384615384616 0.05048076923076923
2 0.7079326923076923 0.703125 0.04807692307692308 0.11538461538461539
2 0.3786057692307692 0.6538461538461539 0.036057692307692304 0.10576923076923077
2 0.5120192307692307 0.671875 0.038461538461538464 0.09615384615384616
0 0.42427884615384615 0.6057692307692307 0.009615384615384616 0.009615384615384616
3 0.48677884615384615 0.5901442307692307 0.016826923076923076 0.021634615384615384