2 0.2668269230769231 0.7199519230769231 0.08413461538461539 0.2956730769230769
2 0.09735576923076923 0.7235576923076923 0.10096153846153846 0.3629807692307692
2 0.6875 0.6935096153846154 0.09615384615384616 0.32211538461538464
2 0.8930288461538461 0.671875 0.038461538461538464 0.10576923076923077
2 0.8521634615384616 0.6899038461538461 0.055288461538461536 0.14182692307692307
3 0.3473557692307692 0.20673076923076922 0.10817307692307693 0.13942307692307693
0 0.6177884615384616 0.29447115384615385 0.03365384615384615 0.04567307692307692
2 0.734375 0.671875 0.03125 0.11298076923076923
2 0.4014423076923077 0.6694711538461539 0.021634615384615384 0.10576923076923077
2 0.5360576923076923 0.6694711538461539 0.026442307692307692 0.09375
0 0.43990384615384615 0.6153846153846154 0.007211538461538462 0.009615384615384616
3 0.5 0.5913461538461539 0.014423076923076924 0.019230769230769232