3 0.8846153846153846 0.25 0.07932692307692307 0.0985576923076923
0 0.5408653846153846 0.31971153846153844 0.03365384615384615 0.04567307692307692
2 0.6177884615384616 0.6454326923076923 0.11538461538461539 0.3004807692307692
2 0.44350961538461536 0.6911057692307693 0.13942307692307693 0.40625
2 0.24519230769230768 0.6622596153846154 0.13942307692307693 0.4639423076923077
2 0.16947115384615385 0.49278846153846156 0.07932692307692307 0.15144230769230768
2 0.46033653846153844 0.5360576923076923 0.12259615384615384 0.34134615384615385
4 0.47836538461538464 0.4963942307692308 0.16105769230769232 0.4206730769230769
0 0.6490384615384616 0.5817307692307693 0.014423076923076924 0.019230769230769232
3 0.2127403846153846 0.46274038461538464 0.03125 0.021634615384615384
2 0.026442307692307692 0.49158653846153844 0.052884615384615384 0.13701923076923078
0 0.8870192307692307 0.6778846153846154 0.028846153846153848 0.03365384615384615