3 0.8569711538461539 0.21153846153846154 0.07091346153846154 0.09254807692307693
0 0.5216346153846154 0.3161057692307692 0.030048076923076924 0.042067307692307696
2 0.6322115384615384 0.6322115384615384 0.08413461538461539 0.2932692307692308
2 0.4639423076923077 0.6959134615384616 0.09735576923076923 0.39903846153846156
2 0.26322115384615385 0.6875 0.09134615384615384 0.4567307692307692
2 0.17067307692307693 0.5276442307692307 0.06490384615384616 0.14543269230769232
2 0.4639423076923077 0.5396634615384616 0.0889423076923077 0.3329326923076923
4 0.47836538461538464 0.4987980769230769 0.11778846153846154 0.4098557692307692
0 0.65625 0.5661057692307693 0.01201923076923077 0.018028846153846152
3 0.21033653846153846 0.49278846153846156 0.030048076923076924 0.018028846153846152
2 0.025240384615384616 0.5408653846153846 0.04326923076923077 0.13221153846153846
0 0.9038461538461539 0.6358173076923077 0.026442307692307692 0.03125