3 0.8665865384615384 0.2247596153846154 0.07451923076923077 0.09615384615384616
0 0.5276442307692307 0.3173076923076923 0.03125 0.04326923076923077
2 0.6274038461538461 0.6370192307692307 0.09375 0.2956730769230769
2 0.4567307692307692 0.6947115384615384 0.11057692307692307 0.4014423076923077
2 0.25721153846153844 0.6790865384615384 0.10817307692307693 0.45913461538461536
2 0.16947115384615385 0.515625 0.06971153846153846 0.1466346153846154
2 0.46274038461538464 0.5384615384615384 0.10096153846153846 0.33653846153846156
4 0.47836538461538464 0.49759615384615385 0.13221153846153846 0.41346153846153844
0 0.6538461538461539 0.5721153846153846 0.01201923076923077 0.019230769230769232
3 0.21033653846153846 0.4831730769230769 0.03125 0.019230769230769232
2 0.02403846153846154 0.5240384615384616 0.04807692307692308 0.1346153846153846
0 0.8990384615384616 0.6502403846153846 0.026442307692307692 0.03125