3 0.36538461538461536 0.3918269230769231 0.19230769230769232 0.16826923076923078
0 0.38100961538461536 0.21754807692307693 0.0985576923076923 0.08173076923076923
2 0.8834134615384616 0.7944711538461539 0.23317307692307693 0.30528846153846156
2 0.6754807692307693 0.8173076923076923 0.25721153846153844 0.34375
2 0.5588942307692307 0.8449519230769231 0.20432692307692307 0.31009615384615385
3 0.6418269230769231 0.625 0.04326923076923077 0.036057692307692304
2 0.1141826923076923 0.8581730769230769 0.0985576923076923 0.16346153846153846
2 0.2932692307692308 0.8197115384615384 0.06490384615384616 0.1346153846153846
2 0.33413461538461536 0.8088942307692307 0.0625 0.13221153846153846
2 0.3629807692307692 0.8016826923076923 0.06971153846153846 0.13221153846153846
2 0.40625 0.7956730769230769 0.06971153846153846 0.11778846153846154
2 0.43149038461538464 0.7872596153846154 0.04807692307692308 0.11057692307692307
2 0.46033653846153844 0.7764423076923077 0.052884615384615384 0.11298076923076923
2 0.5048076923076923 0.7704326923076923 0.0625 0.10817307692307693
2 0.7944711538461539 0.7211538461538461 0.04326923076923077 0.0889423076923077
2 0.8161057692307693 0.703125 0.040865384615384616 0.0673076923076923
2 0.8413461538461539 0.6911057692307693 0.038461538461538464 0.057692307692307696
2 0.9759615384615384 0.6850961538461539 0.04807692307692308 0.1201923076923077
2 0.9867788461538461 0.6778846153846154 0.026442307692307692 0.08173076923076923
2 0.9675480769230769 0.7920673076923077 0.06490384615384616 0.24278846153846154