3 0.3581730769230769 0.4014423076923077 0.19951923076923078 0.1778846153846154
0 0.36177884615384615 0.22596153846153846 0.10096153846153846 0.08653846153846154
2 0.8894230769230769 0.765625 0.22115384615384615 0.31490384615384615
2 0.6971153846153846 0.8040865384615384 0.27403846153846156 0.35096153846153844
2 0.5817307692307693 0.8413461538461539 0.22115384615384615 0.3173076923076923
3 0.6502403846153846 0.6153846153846154 0.04567307692307692 0.038461538461538464
2 0.13942307692307693 0.8834134615384616 0.10817307692307693 0.1658653846153846
2 0.3161057692307692 0.8329326923076923 0.07211538461538461 0.1346153846153846
2 0.3557692307692308 0.8197115384615384 0.06971153846153846 0.13221153846153846
2 0.38461538461538464 0.8112980769230769 0.07692307692307693 0.1346153846153846
2 0.4266826923076923 0.8016826923076923 0.07692307692307693 0.11778846153846154
2 0.45072115384615385 0.7920673076923077 0.055288461538461536 0.11057692307692307
2 0.4807692307692308 0.7788461538461539 0.06009615384615385 0.11298076923076923
2 0.5240384615384616 0.7704326923076923 0.0673076923076923 0.11057692307692307
2 0.8088942307692307 0.6995192307692307 0.05048076923076923 0.0889423076923077
2 0.8293269230769231 0.6802884615384616 0.04326923076923077 0.06971153846153846
2 0.8533653846153846 0.6670673076923077 0.040865384615384616 0.06009615384615385
2 0.9795673076923077 0.6514423076923077 0.040865384615384616 0.1201923076923077
2 0.9915865384615384 0.640625 0.016826923076923076 0.08413461538461539
2 0.9735576923076923 0.7548076923076923 0.052884615384615384 0.24519230769230768