3 0.38822115384615385 0.36778846153846156 0.16947115384615385 0.13942307692307693
0 0.4375 0.19951923076923078 0.08653846153846154 0.0673076923076923
2 0.8197115384615384 0.8617788461538461 0.18269230769230768 0.2764423076923077
2 0.6117788461538461 0.8449519230769231 0.20072115384615385 0.31009615384615385
2 0.49158653846153844 0.8533653846153846 0.15144230769230768 0.2932692307692308
3 0.6153846153846154 0.6502403846153846 0.038461538461538464 0.028846153846153848
2 0.052884615384615384 0.7776442307692307 0.07211538461538461 0.15144230769230768
2 0.23557692307692307 0.7740384615384616 0.039663461538461536 0.12980769230769232
2 0.2776442307692308 0.7716346153846154 0.038461538461538464 0.12740384615384615
2 0.3076923076923077 0.7704326923076923 0.046875 0.12620192307692307
2 0.35096153846153844 0.7728365384615384 0.04927884615384615 0.109375
2 0.37740384615384615 0.7692307692307693 0.028846153846153848 0.10697115384615384
2 0.40865384615384615 0.7644230769230769 0.03245192307692308 0.109375
2 0.453125 0.7668269230769231 0.04326923076923077 0.10216346153846154
2 0.7463942307692307 0.7728365384615384 0.028846153846153848 0.08413461538461539
2 0.7716346153846154 0.7596153846153846 0.028846153846153848 0.06370192307692307
2 0.7980769230769231 0.7524038461538461 0.027644230769230768 0.054086538461538464
2 0.9350961538461539 0.7728365384615384 0.03125 0.11538461538461539
2 0.9615384615384616 0.7704326923076923 0.046875 0.07451923076923077
2 0.9459134615384616 0.8846153846153846 0.10817307692307693 0.22596153846153846