2 0.8197115384615384 0.7175480769230769 0.14182692307692307 0.40384615384615385
2 0.7319711538461539 0.7608173076923077 0.0889423076923077 0.37740384615384615
2 0.6213942307692307 0.71875 0.09615384615384616 0.46153846153846156
2 0.5228365384615384 0.5600961538461539 0.08173076923076923 0.25
2 0.4338942307692308 0.546875 0.08653846153846154 0.27403846153846156
2 0.36658653846153844 0.5685096153846154 0.11057692307692307 0.47836538461538464
2 0.10576923076923077 0.5192307692307693 0.07211538461538461 0.2403846153846154
0 0.43028846153846156 0.2704326923076923 0.028846153846153848 0.0625
4 0.3786057692307692 0.5204326923076923 0.1346153846153846 0.5769230769230769
3 0.7091346153846154 0.23798076923076922 0.04807692307692308 0.09134615384615384
0 0.1502403846153846 0.5084134615384616 0.019230769230769232 0.038461538461538464