2 0.8269230769230769 0.7067307692307693 0.12740384615384615 0.4014423076923077
2 0.7415865384615384 0.7524038461538461 0.07692307692307693 0.37740384615384615
2 0.6286057692307693 0.7151442307692307 0.08173076923076923 0.45913461538461536
2 0.5240384615384616 0.5600961538461539 0.07451923076923077 0.24759615384615385
2 0.4362980769230769 0.5492788461538461 0.07692307692307693 0.27163461538461536
2 0.36899038461538464 0.5733173076923077 0.09375 0.47596153846153844
2 0.10697115384615384 0.5336538461538461 0.0625 0.2403846153846154
0 0.4230769230769231 0.27283653846153844 0.026442307692307692 0.0625
4 0.3786057692307692 0.5240384615384616 0.11538461538461539 0.5745192307692307
3 0.6995192307692307 0.23076923076923078 0.04567307692307692 0.0889423076923077
0 0.1502403846153846 0.5204326923076923 0.016826923076923076 0.038461538461538464