2 0.8341346153846154 0.6947115384615384 0.1141826923076923 0.39663461538461536
2 0.75 0.7439903846153846 0.06370192307692307 0.375
2 0.6358173076923077 0.7103365384615384 0.06490384615384616 0.4579326923076923
2 0.5264423076923077 0.5588942307692307 0.06490384615384616 0.24519230769230768
2 0.4375 0.5516826923076923 0.06850961538461539 0.2704326923076923
2 0.3713942307692308 0.578125 0.07692307692307693 0.47475961538461536
2 0.10817307692307693 0.546875 0.055288461538461536 0.23798076923076922
0 0.41466346153846156 0.27524038461538464 0.025240384615384616 0.06129807692307692
4 0.3798076923076923 0.5288461538461539 0.09495192307692307 0.5721153846153846
3 0.6899038461538461 0.22355769230769232 0.042067307692307696 0.08774038461538461
0 0.15144230769230768 0.5324519230769231 0.015625 0.038461538461538464