2 0.7728365384615384 0.6971153846153846 0.16826923076923078 0.4567307692307692
2 0.5997596153846154 0.6466346153846154 0.06009615384615385 0.24278846153846154
2 0.5492788461538461 0.6658653846153846 0.0625 0.40384615384615385
2 0.2932692307692308 0.625 0.07451923076923077 0.37740384615384615
0 0.2860576923076923 0.3076923076923077 0.02403846153846154 0.040865384615384616
1 0.30528846153846156 0.29447115384615385 0.057692307692307696 0.0673076923076923
3 0.30528846153846156 0.2824519230769231 0.057692307692307696 0.04567307692307692
2 0.35216346153846156 0.6478365384615384 0.25721153846153844 0.7019230769230769
2 0.4723557692307692 0.6790865384615384 0.06971153846153846 0.6394230769230769
2 0.4987980769230769 0.6334134615384616 0.07451923076923077 0.34134615384615385
2 0.8617788461538461 0.6634615384615384 0.05048076923076923 0.28846153846153844