2 0.7956730769230769 0.6622596153846154 0.18990384615384615 0.4639423076923077
2 0.6165865384615384 0.6334134615384616 0.07211538461538461 0.24278846153846154
2 0.5697115384615384 0.6574519230769231 0.08413461538461539 0.40625
2 0.31009615384615385 0.6490384615384616 0.09375 0.3798076923076923
0 0.2644230769230769 0.33533653846153844 0.02403846153846154 0.040865384615384616
1 0.28125 0.31971153846153844 0.0625 0.06971153846153846
3 0.2800480769230769 0.3076923076923077 0.06009615384615385 0.04807692307692308
2 0.3701923076923077 0.6538461538461539 0.2932692307692308 0.6923076923076923
2 0.49399038461538464 0.6802884615384616 0.10336538461538461 0.6394230769230769
2 0.515625 0.6322115384615384 0.09134615384615384 0.34375
2 0.8798076923076923 0.6177884615384616 0.06490384615384616 0.28846153846153844