2 0.7800480769230769 0.6875 0.15144230769230768 0.4519230769230769
2 0.6045673076923077 0.6430288461538461 0.051682692307692304 0.2403846153846154
2 0.5552884615384616 0.6634615384615384 0.04927884615384615 0.4026442307692308
2 0.2980769230769231 0.6322115384615384 0.06129807692307692 0.3762019230769231
0 0.2800480769230769 0.31490384615384615 0.021634615384615384 0.039663461538461536
1 0.2980769230769231 0.3016826923076923 0.056490384615384616 0.06610576923076923
3 0.2980769230769231 0.28966346153846156 0.056490384615384616 0.04447115384615385
2 0.35697115384615385 0.6526442307692307 0.23317307692307693 0.6947115384615384
2 0.47836538461538464 0.6802884615384616 0.046875 0.6382211538461539
2 0.5036057692307693 0.6334134615384616 0.0625 0.3401442307692308
2 0.8677884615384616 0.6502403846153846 0.039663461538461536 0.28725961538461536