2 0.7067307692307693 0.7151442307692307 0.09615384615384616 0.35697115384615385
2 0.5420673076923077 0.7055288461538461 0.06129807692307692 0.28125
2 0.28966346153846156 0.7223557692307693 0.039663461538461536 0.296875
2 0.36778846153846156 0.7127403846153846 0.04927884615384615 0.2764423076923077
2 0.4362980769230769 0.7103365384615384 0.07091346153846154 0.27283653846153844
2 0.20673076923076922 0.7127403846153846 0.055288461538461536 0.3016826923076923
2 0.15625 0.7163461538461539 0.04927884615384615 0.2920673076923077
2 0.1141826923076923 0.7115384615384616 0.04807692307692308 0.27403846153846156
0 0.5949519230769231 0.15745192307692307 0.036057692307692304 0.055288461538461536
3 0.5733173076923077 0.2403846153846154 0.07091346153846154 0.027644230769230768
0 0.5492788461538461 0.6538461538461539 0.030048076923076924 0.04447115384615385
0 0.41466346153846156 0.6766826923076923 0.028846153846153848 0.042067307692307696
0 0.3737980769230769 0.6923076923076923 0.027644230769230768 0.04567307692307692
0 0.0889423076923077 0.6646634615384616 0.015625 0.042067307692307696
0 0.125 0.6790865384615384 0.027644230769230768 0.04447115384615385
0 0.1658653846153846 0.6802884615384616 0.026442307692307692 0.04447115384615385
0 0.22115384615384615 0.6826923076923077 0.026442307692307692 0.04447115384615385
0 0.3004807692307692 0.6814903846153846 0.027644230769230768 0.046875
2 0.07692307692307693 0.7043269230769231 0.046875 0.2704326923076923
2 0.03125 0.7139423076923077 0.06129807692307692 0.3161057692307692