2 0.7139423076923077 0.7079326923076923 0.10817307692307693 0.3605769230769231
2 0.5492788461538461 0.7043269230769231 0.07211538461538461 0.28365384615384615
2 0.2980769230769231 0.7295673076923077 0.05048076923076923 0.2980769230769231
2 0.375 0.7175480769230769 0.06009615384615385 0.27884615384615385
2 0.44350961538461536 0.7127403846153846 0.07932692307692307 0.27403846153846156
2 0.21394230769230768 0.7223557692307693 0.06490384615384616 0.30288461538461536
2 0.16346153846153846 0.7283653846153846 0.06009615384615385 0.2932692307692308
2 0.12139423076923077 0.7247596153846154 0.057692307692307696 0.2764423076923077
0 0.5829326923076923 0.15384615384615385 0.038461538461538464 0.057692307692307696
3 0.5637019230769231 0.23798076923076922 0.07211538461538461 0.03125
0 0.5540865384615384 0.6514423076923077 0.03125 0.04567307692307692
0 0.4206730769230769 0.6790865384615384 0.03125 0.04326923076923077
0 0.38100961538461536 0.6971153846153846 0.028846153846153848 0.04567307692307692
0 0.09495192307692307 0.6790865384615384 0.016826923076923076 0.04326923076923077
0 0.1310096153846154 0.6923076923076923 0.028846153846153848 0.04567307692307692
0 0.171875 0.6923076923076923 0.028846153846153848 0.04567307692307692
0 0.22716346153846154 0.6923076923076923 0.028846153846153848 0.04567307692307692
0 0.30649038461538464 0.6887019230769231 0.028846153846153848 0.04807692307692308
2 0.08413461538461539 0.71875 0.055288461538461536 0.27163461538461536
2 0.038461538461538464 0.7307692307692307 0.07211538461538461 0.3173076923076923