2 0.7211538461538461 0.7007211538461539 0.1201923076923077 0.3629807692307692
2 0.5564903846153846 0.7019230769230769 0.08173076923076923 0.28365384615384615
2 0.30528846153846156 0.7367788461538461 0.06009615384615385 0.2980769230769231
2 0.38341346153846156 0.7211538461538461 0.0673076923076923 0.27884615384615385
2 0.45072115384615385 0.7139423076923077 0.0889423076923077 0.2764423076923077
2 0.22235576923076922 0.7331730769230769 0.07692307692307693 0.30528846153846156
2 0.171875 0.7403846153846154 0.06971153846153846 0.2956730769230769
2 0.12980769230769232 0.7379807692307693 0.0673076923076923 0.2764423076923077
0 0.5709134615384616 0.15144230769230768 0.040865384615384616 0.057692307692307696
3 0.5552884615384616 0.23557692307692307 0.07211538461538461 0.03365384615384615
0 0.5600961538461539 0.6502403846153846 0.03365384615384615 0.04567307692307692
0 0.4266826923076923 0.6826923076923077 0.03125 0.04326923076923077
0 0.3870192307692308 0.7007211538461539 0.03125 0.04807692307692308
0 0.10096153846153846 0.6935096153846154 0.019230769230769232 0.04326923076923077
0 0.13822115384615385 0.7043269230769231 0.03125 0.04567307692307692
0 0.17908653846153846 0.703125 0.028846153846153848 0.04567307692307692
0 0.234375 0.7019230769230769 0.028846153846153848 0.04567307692307692
0 0.3137019230769231 0.6947115384615384 0.03125 0.04807692307692308
2 0.09254807692307693 0.7331730769230769 0.06490384615384616 0.27403846153846156
2 0.046875 0.7463942307692307 0.08413461538461539 0.31971153846153844