2 0.2283653846153846 0.6177884615384616 0.18509615384615385 0.37740384615384615
0 0.24278846153846154 0.484375 0.04567307692307692 0.052884615384615384
2 0.30288461538461536 0.5600961538461539 0.13701923076923078 0.24278846153846154
2 0.3485576923076923 0.5396634615384616 0.0985576923076923 0.20432692307692307
2 0.4266826923076923 0.5072115384615384 0.057692307692307696 0.15144230769230768
2 0.45913461538461536 0.4951923076923077 0.07451923076923077 0.17067307692307693
2 0.5697115384615384 0.45552884615384615 0.0625 0.13701923076923078
2 0.6346153846153846 0.4411057692307692 0.0673076923076923 0.1346153846153846
2 0.6009615384615384 0.453125 0.06009615384615385 0.11778846153846154
2 0.7692307692307693 0.4170673076923077 0.13942307692307693 0.21153846153846154
2 0.890625 0.38221153846153844 0.08653846153846154 0.19951923076923078
3 0.26802884615384615 0.3485576923076923 0.038461538461538464 0.028846153846153848