2 0.21153846153846154 0.5685096153846154 0.12379807692307693 0.36177884615384615
0 0.25 0.43990384615384615 0.038461538461538464 0.046875
2 0.2956730769230769 0.5252403846153846 0.09975961538461539 0.2283653846153846
2 0.34375 0.5132211538461539 0.06610576923076923 0.19591346153846154
2 0.4266826923076923 0.49399038461538464 0.03245192307692308 0.14783653846153846
2 0.46033653846153844 0.4879807692307692 0.04567307692307692 0.16466346153846154
2 0.5757211538461539 0.46875 0.040865384615384616 0.13221153846153846
2 0.6430288461538461 0.4651442307692308 0.046875 0.12860576923076922
2 0.6081730769230769 0.47115384615384615 0.040865384615384616 0.11177884615384616
2 0.7800480769230769 0.4651442307692308 0.10817307692307693 0.19591346153846154
2 0.9050480769230769 0.4519230769230769 0.052884615384615384 0.1935096153846154
3 0.2980769230769231 0.31009615384615385 0.03485576923076923 0.02403846153846154