2 0.20432692307692307 0.5276442307692307 0.17307692307692307 0.375
0 0.2608173076923077 0.40625 0.04567307692307692 0.052884615384615384
2 0.29447115384615385 0.4963942307692308 0.12980769230769232 0.2403846153846154
2 0.34375 0.49158653846153844 0.09375 0.20432692307692307
2 0.42788461538461536 0.484375 0.052884615384615384 0.15144230769230768
2 0.46274038461538464 0.4831730769230769 0.0673076923076923 0.16826923076923078
2 0.5793269230769231 0.4795673076923077 0.057692307692307696 0.13701923076923078
2 0.6466346153846154 0.4855769230769231 0.06490384615384616 0.1346153846153846
2 0.6105769230769231 0.48677884615384615 0.055288461538461536 0.11538461538461539
2 0.7824519230769231 0.5048076923076923 0.1346153846153846 0.2091346153846154
2 0.9074519230769231 0.5084134615384616 0.07932692307692307 0.19951923076923078
3 0.3269230769230769 0.28365384615384615 0.038461538461538464 0.028846153846153848