2 0.7716346153846154 0.6610576923076923 0.08173076923076923 0.3112980769230769
2 0.8737980769230769 0.5889423076923077 0.09495192307692307 0.4014423076923077
2 0.44711538461538464 0.6610576923076923 0.05889423076923077 0.34615384615384615
2 0.09615384615384616 0.6394230769230769 0.06490384615384616 0.20192307692307693
2 0.19831730769230768 0.6370192307692307 0.039663461538461536 0.2247596153846154
0 0.7091346153846154 0.20673076923076922 0.021634615384615384 0.040865384615384616
3 0.44471153846153844 0.40384615384615385 0.03245192307692308 0.06129807692307692
2 0.3954326923076923 0.6778846153846154 0.04447115384615385 0.22235576923076922
2 0.3557692307692308 0.65625 0.055288461538461536 0.2283653846153846
2 0.3112980769230769 0.6418269230769231 0.038461538461538464 0.20793269230769232
2 0.29927884615384615 0.6382211538461539 0.026442307692307692 0.20552884615384615