2 0.7319711538461539 0.7139423076923077 0.14423076923076922 0.32211538461538464
2 0.8473557692307693 0.6646634615384616 0.17548076923076922 0.41346153846153844
2 0.41466346153846156 0.6466346153846154 0.12980769230769232 0.35096153846153844
2 0.07572115384615384 0.5528846153846154 0.10576923076923077 0.21153846153846154
2 0.17668269230769232 0.5709134615384616 0.08653846153846154 0.2283653846153846
0 0.765625 0.25721153846153844 0.028846153846153848 0.04326923076923077
3 0.46634615384615385 0.3942307692307692 0.04567307692307692 0.0673076923076923
2 0.3605769230769231 0.6526442307692307 0.0889423076923077 0.22596153846153846
2 0.3269230769230769 0.6225961538461539 0.10096153846153846 0.23557692307692307
2 0.2860576923076923 0.5997596153846154 0.08173076923076923 0.21153846153846154
2 0.27524038461538464 0.59375 0.06971153846153846 0.20673076923076922