2 0.7848557692307693 0.6370192307692307 0.10817307692307693 0.3173076923076923
2 0.8798076923076923 0.5564903846153846 0.12980769230769232 0.40865384615384615
2 0.46153846153846156 0.6646634615384616 0.0889423076923077 0.35096153846153844
2 0.109375 0.6742788461538461 0.08173076923076923 0.20673076923076922
2 0.21153846153846154 0.6622596153846154 0.06009615384615385 0.2283653846153846
0 0.6826923076923077 0.18990384615384615 0.02403846153846154 0.04326923076923077
3 0.4362980769230769 0.40865384615384615 0.038461538461538464 0.06490384615384616
2 0.4110576923076923 0.6862980769230769 0.0625 0.22596153846153846
2 0.3701923076923077 0.6682692307692307 0.07451923076923077 0.23317307692307693
2 0.3245192307692308 0.6574519230769231 0.055288461538461536 0.21153846153846154
2 0.3125 0.6550480769230769 0.04326923076923077 0.20673076923076922