2 0.7944711538461539 0.6141826923076923 0.07692307692307693 0.28365384615384615
2 0.17908653846153846 0.6033653846153846 0.10096153846153846 0.4230769230769231
2 0.3317307692307692 0.6117788461538461 0.19230769230769232 0.3942307692307692
3 0.8461538461538461 0.2848557692307692 0.06009615384615385 0.09134615384615384
0 0.7139423076923077 0.3954326923076923 0.028846153846153848 0.038461538461538464
2 0.7199519230769231 0.5444711538461539 0.06490384615384616 0.3317307692307692
4 0.7199519230769231 0.5420673076923077 0.0625 0.33653846153846156
2 0.5228365384615384 0.5901442307692307 0.08653846153846154 0.2403846153846154
2 0.4411057692307692 0.5817307692307693 0.057692307692307696 0.20673076923076922
2 0.23798076923076922 0.5949519230769231 0.055288461538461536 0.29086538461538464
2 0.10096153846153846 0.5612980769230769 0.05048076923076923 0.2403846153846154
3 0.234375 0.4411057692307692 0.019230769230769232 0.03125