2 0.7944711538461539 0.6141826923076923 0.07692307692307693 0.2848557692307692
2 0.17908653846153846 0.6033653846153846 0.09975961538461539 0.42427884615384615
2 0.3317307692307692 0.6117788461538461 0.19110576923076922 0.39302884615384615
3 0.8461538461538461 0.2848557692307692 0.06009615384615385 0.09134615384615384
0 0.7139423076923077 0.3954326923076923 0.027644230769230768 0.039663461538461536
2 0.7199519230769231 0.5444711538461539 0.06490384615384616 0.3329326923076923
4 0.7199519230769231 0.5420673076923077 0.06370192307692307 0.33774038461538464
2 0.5228365384615384 0.5901442307692307 0.08653846153846154 0.24158653846153846
2 0.4411057692307692 0.5817307692307693 0.05889423076923077 0.20793269230769232
2 0.23798076923076922 0.5949519230769231 0.055288461538461536 0.29086538461538464
2 0.10096153846153846 0.5612980769230769 0.05048076923076923 0.23918269230769232
3 0.234375 0.4411057692307692 0.020432692307692308 0.03125