2 0.7860576923076923 0.6346153846153846 0.09615384615384616 0.28846153846153844
2 0.17307692307692307 0.5805288461538461 0.12980769230769232 0.43028846153846156
2 0.3245192307692308 0.5997596153846154 0.21875 0.40625
3 0.8605769230769231 0.31009615384615385 0.0673076923076923 0.09615384615384616
0 0.7211538461538461 0.4110576923076923 0.03125 0.040865384615384616
2 0.7163461538461539 0.5600961538461539 0.0889423076923077 0.33653846153846156
4 0.7163461538461539 0.5576923076923077 0.08653846153846154 0.34134615384615385
2 0.5168269230769231 0.5913461538461539 0.10336538461538461 0.24759615384615385
2 0.43509615384615385 0.5769230769230769 0.07211538461538461 0.21153846153846154
2 0.23197115384615385 0.5769230769230769 0.07451923076923077 0.2932692307692308
2 0.09735576923076923 0.5336538461538461 0.0673076923076923 0.24278846153846154
3 0.23918269230769232 0.4230769230769231 0.021634615384615384 0.03365384615384615