3 0.6526442307692307 0.5745192307692307 0.06490384615384616 0.07692307692307693
2 0.01201923076923077 0.78125 0.02403846153846154 0.27403846153846156
2 0.027644230769230768 0.7920673076923077 0.055288461538461536 0.27163461538461536
2 0.06370192307692307 0.828125 0.12740384615384615 0.22355769230769232
2 0.39903846153846156 0.8990384615384616 0.11538461538461539 0.18990384615384615
2 0.4519230769230769 0.859375 0.10576923076923077 0.28125
2 0.5685096153846154 0.8834134615384616 0.09375 0.23317307692307693
2 0.6057692307692307 0.8786057692307693 0.10096153846153846 0.24278846153846154
2 0.6165865384615384 0.8004807692307693 0.1201923076923077 0.37259615384615385
2 0.65625 0.8076923076923077 0.1201923076923077 0.38461538461538464
0 0.6838942307692307 0.6153846153846154 0.026442307692307692 0.04326923076923077
4 0.6598557692307693 0.7932692307692307 0.12740384615384615 0.41346153846153844