3 0.6622596153846154 0.5492788461538461 0.054086538461538464 0.06850961538461539
2 0.03365384615384615 0.859375 0.042067307692307696 0.2704326923076923
2 0.06971153846153846 0.8641826923076923 0.03365384615384615 0.2704326923076923
2 0.1141826923076923 0.8942307692307693 0.10817307692307693 0.21033653846153846
2 0.46274038461538464 0.9098557692307693 0.0889423076923077 0.17908653846153846
2 0.5096153846153846 0.8629807692307693 0.0625 0.27403846153846156
2 0.6298076923076923 0.8774038461538461 0.055288461538461536 0.24519230769230768
2 0.6658653846153846 0.8701923076923077 0.06009615384615385 0.25961538461538464
2 0.6622596153846154 0.7788461538461539 0.0625 0.36778846153846156
2 0.7055288461538461 0.7944711538461539 0.056490384615384616 0.4098557692307692
0 0.6995192307692307 0.5853365384615384 0.021634615384615384 0.039663461538461536
4 0.7067307692307693 0.7800480769230769 0.05889423076923077 0.4387019230769231