3 0.6586538461538461 0.5600961538461539 0.057692307692307696 0.07211538461538461
2 0.019230769230769232 0.8257211538461539 0.038461538461538464 0.27163461538461536
2 0.04567307692307692 0.8329326923076923 0.052884615384615384 0.27163461538461536
2 0.08774038461538461 0.8665865384615384 0.12259615384615384 0.21634615384615385
2 0.4338942307692308 0.90625 0.10096153846153846 0.18509615384615385
2 0.4831730769230769 0.8617788461538461 0.08173076923076923 0.2764423076923077
2 0.6033653846153846 0.8810096153846154 0.07211538461538461 0.23798076923076922
2 0.6394230769230769 0.875 0.07692307692307693 0.25
2 0.6418269230769231 0.7896634615384616 0.0889423076923077 0.3701923076923077
2 0.6838942307692307 0.8004807692307693 0.08413461538461539 0.39903846153846156
0 0.6935096153846154 0.5985576923076923 0.02403846153846154 0.040865384615384616
4 0.6862980769230769 0.7860576923076923 0.0889423076923077 0.42788461538461536