2 0.9639423076923077 0.5973557692307693 0.06009615384615385 0.24278846153846154
2 0.8125 0.5973557692307693 0.052884615384615384 0.25961538461538464
2 0.4723557692307692 0.6081730769230769 0.07692307692307693 0.3293269230769231
2 0.35336538461538464 0.5865384615384616 0.09375 0.2932692307692308
2 0.41346153846153844 0.5745192307692307 0.06971153846153846 0.27403846153846156
2 0.5540865384615384 0.6057692307692307 0.1346153846153846 0.29086538461538464
3 0.3641826923076923 0.3485576923076923 0.04567307692307692 0.11778846153846154
0 0.37740384615384615 0.28365384615384615 0.021634615384615384 0.03365384615384615
2 0.6262019230769231 0.5661057692307693 0.04567307692307692 0.1658653846153846
3 0.7295673076923077 0.41346153846153844 0.02403846153846154 0.019230769230769232
0 0.90625 0.625 0.014423076923076924 0.021634615384615384
0 0.9242788461538461 0.6237980769230769 0.014423076923076924 0.021634615384615384