2 0.9675480769230769 0.5805288461538461 0.051682692307692304 0.2403846153846154
2 0.8161057692307693 0.5865384615384616 0.04447115384615385 0.25721153846153844
2 0.47596153846153844 0.609375 0.06610576923076923 0.328125
2 0.35697115384615385 0.5913461538461539 0.0829326923076923 0.28966346153846156
2 0.41586538461538464 0.5769230769230769 0.06009615384615385 0.27163461538461536
2 0.5576923076923077 0.6033653846153846 0.125 0.2860576923076923
3 0.359375 0.35336538461538464 0.042067307692307696 0.11658653846153846
0 0.3701923076923077 0.28846153846153844 0.021634615384615384 0.03245192307692308
2 0.6286057692307693 0.5612980769230769 0.040865384615384616 0.16346153846153846
3 0.7259615384615384 0.4050480769230769 0.02403846153846154 0.018028846153846152
0 0.9098557692307693 0.6105769230769231 0.014423076923076924 0.020432692307692308
0 0.9278846153846154 0.609375 0.014423076923076924 0.020432692307692308