2 0.9495192307692307 0.6526442307692307 0.0889423076923077 0.24519230769230768
2 0.7980769230769231 0.6346153846153846 0.08413461538461539 0.2620192307692308
2 0.45913461538461536 0.6045673076923077 0.11778846153846154 0.33413461538461536
2 0.3449519230769231 0.5673076923076923 0.12740384615384615 0.2980769230769231
2 0.4050480769230769 0.5625 0.10096153846153846 0.27884615384615385
2 0.5408653846153846 0.6105769230769231 0.16826923076923078 0.30288461538461536
3 0.38461538461538464 0.3329326923076923 0.06009615384615385 0.12259615384615384
0 0.4050480769230769 0.2704326923076923 0.026442307692307692 0.036057692307692304
2 0.6177884615384616 0.5805288461538461 0.06490384615384616 0.16826923076923078
3 0.7379807692307693 0.4411057692307692 0.026442307692307692 0.021634615384615384
0 0.8870192307692307 0.6730769230769231 0.016826923076923076 0.021634615384615384
0 0.9050480769230769 0.6754807692307693 0.016826923076923076 0.021634615384615384