2 0.5961538461538461 0.6394230769230769 0.10576923076923077 0.16105769230769232
2 0.4807692307692308 0.59375 0.14182692307692307 0.32211538461538464
2 0.3629807692307692 0.5925480769230769 0.10576923076923077 0.2091346153846154
2 0.27283653846153844 0.5829326923076923 0.10096153846153846 0.18269230769230768
2 0.20192307692307693 0.5576923076923077 0.125 0.20673076923076922
3 0.32091346153846156 0.38341346153846156 0.04326923076923077 0.052884615384615384
2 0.8269230769230769 0.6622596153846154 0.06009615384615385 0.12740384615384615
2 0.8701923076923077 0.6754807692307693 0.0625 0.12740384615384615
0 0.5 0.3894230769230769 0.03365384615384615 0.040865384615384616
4 0.4855769230769231 0.5625 0.15865384615384615 0.3894230769230769
2 0.5300480769230769 0.6201923076923077 0.09134615384615384 0.17548076923076922
2 0.41947115384615385 0.5697115384615384 0.06971153846153846 0.14903846153846154