2 0.6274038461538461 0.6117788461538461 0.07692307692307693 0.15144230769230768
2 0.5036057692307693 0.5961538461538461 0.07692307692307693 0.3173076923076923
2 0.3894230769230769 0.6237980769230769 0.06490384615384616 0.20192307692307693
2 0.29927884615384615 0.6358173076923077 0.06490384615384616 0.17307692307692307
2 0.2247596153846154 0.6286057692307693 0.08653846153846154 0.19471153846153846
3 0.2980769230769231 0.43028846153846156 0.03365384615384615 0.04807692307692308
2 0.8557692307692307 0.578125 0.036057692307692304 0.125
2 0.9014423076923077 0.5805288461538461 0.038461538461538464 0.12259615384615384
0 0.4723557692307692 0.3918269230769231 0.026442307692307692 0.036057692307692304
4 0.5012019230769231 0.5637019230769231 0.08173076923076923 0.38461538461538464
2 0.5588942307692307 0.609375 0.06009615384615385 0.1658653846153846
2 0.4387019230769231 0.5877403846153846 0.040865384615384616 0.14423076923076922