2 0.625 0.6141826923076923 0.07451923076923077 0.14903846153846154
2 0.5024038461538461 0.5961538461538461 0.07211538461538461 0.31490384615384615
2 0.3870192307692308 0.6213942307692307 0.0625 0.20072115384615385
2 0.296875 0.6322115384615384 0.0625 0.17307692307692307
2 0.22235576923076922 0.6237980769230769 0.08413461538461539 0.19230769230769232
3 0.29927884615384615 0.4266826923076923 0.03245192307692308 0.046875
2 0.8545673076923077 0.5841346153846154 0.03365384615384615 0.12379807692307693
2 0.9002403846153846 0.5877403846153846 0.036057692307692304 0.12139423076923077
0 0.47475961538461536 0.3918269230769231 0.025240384615384616 0.036057692307692304
4 0.5 0.5637019230769231 0.07572115384615384 0.38221153846153844
2 0.5564903846153846 0.6105769230769231 0.056490384615384616 0.1658653846153846
2 0.4375 0.5865384615384616 0.038461538461538464 0.14423076923076922