2 0.8870192307692307 0.6862980769230769 0.0733173076923077 0.31490384615384615
2 0.6887019230769231 0.7199519230769231 0.17067307692307693 0.5600961538461539
2 0.453125 0.7151442307692307 0.12620192307692307 0.5661057692307693
2 0.3076923076923077 0.5432692307692307 0.14302884615384615 0.5504807692307693
2 0.078125 0.6454326923076923 0.1141826923076923 0.31490384615384615
3 0.2091346153846154 0.21153846153846154 0.0733173076923077 0.11057692307692307
0 0.2668269230769231 0.1658653846153846 0.04927884615384615 0.0733173076923077
2 0.5240384615384616 0.6129807692307693 0.03485576923076923 0.1935096153846154
2 0.24759615384615385 0.6502403846153846 0.07932692307692307 0.3713942307692308
2 0.3425480769230769 0.6442307692307693 0.06370192307692307 0.41346153846153844
4 0.30528846153846156 0.49038461538461536 0.13942307692307693 0.7235576923076923