2 0.9206730769230769 0.5865384615384616 0.1466346153846154 0.32211538461538464
2 0.7367788461538461 0.6682692307692307 0.3004807692307692 0.5841346153846154
2 0.5048076923076923 0.7151442307692307 0.25961538461538464 0.5697115384615384
2 0.3233173076923077 0.5889423076923077 0.27163461538461536 0.5697115384615384
2 0.12620192307692307 0.7427884615384616 0.1875 0.33413461538461536
3 0.14783653846153846 0.29086538461538464 0.0985576923076923 0.125
0 0.1935096153846154 0.23197115384615385 0.06490384615384616 0.08413461538461539
2 0.5504807692307693 0.6033653846153846 0.08173076923076923 0.1971153846153846
2 0.29086538461538464 0.7067307692307693 0.1658653846153846 0.3798076923076923
2 0.38221153846153844 0.6778846153846154 0.16105769230769232 0.41586538461538464
4 0.3088942307692308 0.5372596153846154 0.31009615384615385 0.7355769230769231