2 0.9170673076923077 0.6021634615384616 0.13701923076923078 0.32211538461538464
2 0.7307692307692307 0.6754807692307693 0.28365384615384615 0.5841346153846154
2 0.49759615384615385 0.7151442307692307 0.2403846153846154 0.5697115384615384
2 0.32091346153846156 0.5817307692307693 0.2548076923076923 0.5673076923076923
2 0.11778846153846154 0.7295673076923077 0.1778846153846154 0.3317307692307692
3 0.15504807692307693 0.27884615384615385 0.09375 0.12259615384615384
0 0.20192307692307693 0.22115384615384615 0.0625 0.08173076923076923
2 0.546875 0.6057692307692307 0.07451923076923077 0.1971153846153846
2 0.2848557692307692 0.6995192307692307 0.15384615384615385 0.3798076923076923
2 0.3762019230769231 0.6742788461538461 0.14903846153846154 0.4182692307692308
4 0.3076923076923077 0.53125 0.2860576923076923 0.7355769230769231