2 0.9026442307692307 0.8293269230769231 0.11538461538461539 0.2644230769230769
2 0.7596153846153846 0.7680288461538461 0.16105769230769232 0.3557692307692308
2 0.6790865384615384 0.6177884615384616 0.15865384615384615 0.3798076923076923
2 0.6009615384615384 0.6490384615384616 0.17548076923076922 0.40384615384615385
2 0.40865384615384615 0.6610576923076923 0.13942307692307693 0.30288461538461536
2 0.48197115384615385 0.6730769230769231 0.14903846153846154 0.31490384615384615
2 0.296875 0.6237980769230769 0.1971153846153846 0.39903846153846156
2 0.234375 0.6009615384615384 0.15144230769230768 0.3389423076923077
3 0.3581730769230769 0.26322115384615385 0.08413461538461539 0.10336538461538461
2 0.21394230769230768 0.5817307692307693 0.16105769230769232 0.3485576923076923
2 0.4567307692307692 0.6418269230769231 0.1346153846153846 0.31009615384615385
0 0.7139423076923077 0.41586538461538464 0.038461538461538464 0.05048076923076923
4 0.6826923076923077 0.5985576923076923 0.17067307692307693 0.4182692307692308