2 0.9783653846153846 0.6538461538461539 0.04326923076923077 0.2644230769230769
2 0.8413461538461539 0.6514423076923077 0.11538461538461539 0.3557692307692308
2 0.7103365384615384 0.5420673076923077 0.10817307692307693 0.38221153846153844
2 0.6490384615384616 0.5997596153846154 0.12259615384615384 0.40384615384615385
2 0.47475961538461536 0.6838942307692307 0.10096153846153846 0.30288461538461536
2 0.5480769230769231 0.6670673076923077 0.10817307692307693 0.31490384615384615
2 0.35697115384615385 0.6911057692307693 0.1466346153846154 0.3942307692307692
2 0.29086538461538464 0.6923076923076923 0.10576923076923077 0.3389423076923077
3 0.2800480769230769 0.3329326923076923 0.07211538461538461 0.09615384615384616
2 0.265625 0.6826923076923077 0.11778846153846154 0.34615384615384615
2 0.5132211538461539 0.6478365384615384 0.09375 0.31009615384615385
0 0.6670673076923077 0.34134615384615385 0.03365384615384615 0.04807692307692308
4 0.7067307692307693 0.5228365384615384 0.11298076923076923 0.4206730769230769