2 0.9747596153846154 0.7139423076923077 0.05048076923076923 0.25961538461538464
2 0.8197115384615384 0.6923076923076923 0.07451923076923077 0.3485576923076923
2 0.703125 0.5673076923076923 0.0625 0.37740384615384615
2 0.6358173076923077 0.6177884615384616 0.07572115384615384 0.39783653846153844
2 0.453125 0.6790865384615384 0.06490384615384616 0.296875
2 0.5276442307692307 0.671875 0.07091346153846154 0.3076923076923077
2 0.33533653846153844 0.671875 0.10096153846153846 0.3858173076923077
2 0.2692307692307692 0.6658653846153846 0.06610576923076923 0.33413461538461536
3 0.3016826923076923 0.3076923076923077 0.0625 0.09014423076923077
2 0.24519230769230768 0.6526442307692307 0.07572115384615384 0.3401442307692308
2 0.4951923076923077 0.6478365384615384 0.056490384615384616 0.30528846153846156
0 0.6850961538461539 0.3629807692307692 0.028846153846153848 0.04447115384615385
4 0.7019230769230769 0.5480769230769231 0.06370192307692307 0.4170673076923077