0 0.5276442307692307 0.40024038461538464 0.05048076923076923 0.0673076923076923
0 0.7103365384615384 0.21634615384615385 0.040865384615384616 0.055288461538461536
2 0.12379807692307693 0.5036057692307693 0.19471153846153846 0.4543269230769231
2 0.25961538461538464 0.59375 0.2860576923076923 0.5336538461538461
2 0.3629807692307692 0.5841346153846154 0.15144230769230768 0.39903846153846156
2 0.4387019230769231 0.5973557692307693 0.15625 0.375
2 0.7043269230769231 0.6634615384615384 0.19230769230769232 0.47596153846153844
2 0.7776442307692307 0.7355769230769231 0.20432692307692307 0.5096153846153846
0 0.4807692307692308 0.23677884615384615 0.040865384615384616 0.055288461538461536
3 0.4855769230769231 0.2439903846153846 0.07692307692307693 0.08413461538461539
1 0.48677884615384615 0.2439903846153846 0.07692307692307693 0.08653846153846154
4 0.7019230769230769 0.5444711538461539 0.2980769230769231 0.7163461538461539