0 0.5060096153846154 0.39663461538461536 0.038461538461538464 0.06009615384615385
0 0.6466346153846154 0.17908653846153846 0.03125 0.04927884615384615
2 0.13221153846153846 0.5817307692307693 0.10576923076923077 0.4423076923076923
2 0.2848557692307692 0.6418269230769231 0.18629807692307693 0.5048076923076923
2 0.38341346153846156 0.6105769230769231 0.07091346153846154 0.39302884615384615
2 0.46033653846153844 0.6081730769230769 0.08173076923076923 0.36658653846153844
2 0.734375 0.6177884615384616 0.0985576923076923 0.46634615384615385
2 0.8209134615384616 0.6730769230769231 0.10216346153846154 0.4987980769230769
0 0.4266826923076923 0.24639423076923078 0.03245192307692308 0.04927884615384615
3 0.4326923076923077 0.25240384615384615 0.0625 0.0733173076923077
1 0.4338942307692308 0.25240384615384615 0.06370192307692307 0.07572115384615384
4 0.7067307692307693 0.5012019230769231 0.15504807692307693 0.6995192307692307