0 0.5216346153846154 0.39903846153846156 0.04807692307692308 0.06490384615384616
0 0.6947115384615384 0.20552884615384615 0.038461538461538464 0.052884615384615384
2 0.12379807692307693 0.5228365384615384 0.17307692307692307 0.4543269230769231
2 0.265625 0.6069711538461539 0.2620192307692308 0.5288461538461539
2 0.36778846153846156 0.5913461538461539 0.13221153846153846 0.39903846153846156
2 0.44350961538461536 0.6009615384615384 0.13701923076923078 0.375
2 0.7127403846153846 0.6526442307692307 0.17067307692307693 0.47596153846153844
2 0.7896634615384616 0.7211538461538461 0.1778846153846154 0.5096153846153846
0 0.4675480769230769 0.23798076923076922 0.040865384615384616 0.052884615384615384
3 0.4723557692307692 0.24519230769230768 0.07211538461538461 0.08173076923076923
1 0.4735576923076923 0.24519230769230768 0.07451923076923077 0.08413461538461539
4 0.7043269230769231 0.5336538461538461 0.2620192307692308 0.7163461538461539