2 0.07932692307692307 0.7415865384615384 0.15865384615384615 0.5024038461538461
2 0.15865384615384615 0.796875 0.0889423076923077 0.3581730769230769
2 0.26802884615384615 0.7644230769230769 0.0985576923076923 0.31009615384615385
2 0.36778846153846156 0.6838942307692307 0.24759615384615385 0.6201923076923077
2 0.5348557692307693 0.5144230769230769 0.21394230769230768 0.7572115384615384
2 0.5480769230769231 0.8149038461538461 0.10576923076923077 0.3317307692307692
2 0.7704326923076923 0.7524038461538461 0.18509615384615385 0.47115384615384615
2 0.9362980769230769 0.8269230769230769 0.11778846153846154 0.3269230769230769
3 0.20793269230769232 0.21875 0.08413461538461539 0.15625
0 0.49759615384615385 0.06971153846153846 0.05048076923076923 0.07451923076923077
4 0.5360576923076923 0.4639423076923077 0.21634615384615385 0.8653846153846154