2 0.08173076923076923 0.75 0.15625 0.5
2 0.16346153846153846 0.8028846153846154 0.08173076923076923 0.35697115384615385
2 0.27283653846153844 0.7680288461538461 0.09254807692307693 0.3088942307692308
2 0.3713942307692308 0.6862980769230769 0.23798076923076922 0.6165865384615384
2 0.5348557692307693 0.5132211538461539 0.20072115384615385 0.7548076923076923
2 0.5540865384615384 0.8137019230769231 0.10096153846153846 0.3293269230769231
2 0.7752403846153846 0.7475961538461539 0.1778846153846154 0.4675480769230769
2 0.9423076923076923 0.8197115384615384 0.11177884615384616 0.3245192307692308
3 0.203125 0.22355769230769232 0.08173076923076923 0.15384615384615385
0 0.49038461538461536 0.06971153846153846 0.04807692307692308 0.07451923076923077
4 0.5348557692307693 0.46274038461538464 0.20072115384615385 0.8617788461538461