3 0.3713942307692308 0.34375 0.07451923076923077 0.12980769230769232
0 0.3401442307692308 0.1045673076923077 0.040865384615384616 0.057692307692307696
2 0.05048076923076923 0.8341346153846154 0.10096153846153846 0.25961538461538464
2 0.39783653846153844 0.8185096153846154 0.11298076923076923 0.31971153846153844
2 0.5372596153846154 0.8161057692307693 0.18269230769230768 0.33413461538461536
2 0.46033653846153844 0.6009615384615384 0.13221153846153846 0.40625
2 0.4855769230769231 0.4495192307692308 0.09375 0.27884615384615385
2 0.8762019230769231 0.41346153846153844 0.15865384615384615 0.3605769230769231
2 0.9507211538461539 0.7944711538461539 0.09375 0.3918269230769231
2 0.5757211538461539 0.29086538461538464 0.0889423076923077 0.3293269230769231
2 0.7668269230769231 0.27163461538461536 0.09615384615384616 0.375
2 0.6514423076923077 0.6694711538461539 0.12980769230769232 0.3701923076923077