3 0.36658653846153844 0.3485576923076923 0.06971153846153846 0.12860576923076922
0 0.3269230769230769 0.11057692307692307 0.038461538461538464 0.056490384615384616
2 0.054086538461538464 0.8497596153846154 0.10817307692307693 0.2548076923076923
2 0.40865384615384615 0.8221153846153846 0.10216346153846154 0.3173076923076923
2 0.5480769230769231 0.8149038461538461 0.171875 0.3293269230769231
2 0.4639423076923077 0.6021634615384616 0.11778846153846154 0.4014423076923077
2 0.484375 0.4495192307692308 0.08413461538461539 0.27524038461538464
2 0.8725961538461539 0.40024038461538464 0.14543269230769232 0.3557692307692308
2 0.9603365384615384 0.7788461538461539 0.07932692307692307 0.3894230769230769
2 0.5685096153846154 0.28846153846153844 0.078125 0.3269230769230769
2 0.7584134615384616 0.2620192307692308 0.08413461538461539 0.3713942307692308
2 0.6574519230769231 0.6646634615384616 0.11778846153846154 0.36538461538461536