3 0.3894230769230769 0.3317307692307692 0.08653846153846154 0.13701923076923078
0 0.38221153846153844 0.09014423076923077 0.04567307692307692 0.06009615384615385
2 0.039663461538461536 0.7848557692307693 0.07932692307692307 0.2668269230769231
2 0.3641826923076923 0.8064903846153846 0.14423076923076922 0.3293269230769231
2 0.5036057692307693 0.8185096153846154 0.21634615384615385 0.35096153846153844
2 0.4495192307692308 0.5961538461538461 0.17307692307692307 0.41346153846153844
2 0.49158653846153844 0.4483173076923077 0.12259615384615384 0.28365384615384615
2 0.8834134615384616 0.453125 0.19471153846153846 0.37259615384615385
2 0.9170673076923077 0.8209134615384616 0.13221153846153846 0.3581730769230769
2 0.5973557692307693 0.3004807692307692 0.12259615384615384 0.33413461538461536
2 0.7884615384615384 0.3004807692307692 0.1346153846153846 0.3798076923076923
2 0.6334134615384616 0.6850961538461539 0.16826923076923078 0.37740384615384615