3 0.25 0.46033653846153844 0.09134615384615384 0.11057692307692307
2 0.3942307692307692 0.7716346153846154 0.1346153846153846 0.3701923076923077
2 0.3269230769230769 0.7331730769230769 0.14903846153846154 0.3701923076923077
2 0.2548076923076923 0.7247596153846154 0.15384615384615385 0.35096153846153844
2 0.5925480769230769 0.7764423076923077 0.1466346153846154 0.375
2 0.75 0.7560096153846154 0.12980769230769232 0.2860576923076923
2 0.8365384615384616 0.8149038461538461 0.1466346153846154 0.3293269230769231
0 0.3076923076923077 0.20192307692307693 0.04567307692307692 0.06009615384615385
0 0.8329326923076923 0.7776442307692307 0.0673076923076923 0.07932692307692307
0 0.7307692307692307 0.7007211538461539 0.04567307692307692 0.06009615384615385
3 0.5853365384615384 0.5036057692307693 0.06971153846153846 0.08413461538461539
2 0.6382211538461539 0.7007211538461539 0.0985576923076923 0.25961538461538464
2 0.8088942307692307 0.6887019230769231 0.08653846153846154 0.20432692307692307
0 0.6298076923076923 0.609375 0.03125 0.038461538461538464
0 0.8786057692307693 0.7439903846153846 0.03365384615384615 0.04567307692307692