3 0.24879807692307693 0.53125 0.08653846153846154 0.11057692307692307
2 0.4723557692307692 0.7908653846153846 0.12259615384615384 0.36778846153846156
2 0.39783653846153844 0.7716346153846154 0.13701923076923078 0.3701923076923077
2 0.3269230769230769 0.7836538461538461 0.14182692307692307 0.35096153846153844
2 0.6646634615384616 0.7403846153846154 0.1346153846153846 0.37259615384615385
2 0.8112980769230769 0.6778846153846154 0.1201923076923077 0.28365384615384615
2 0.9110576923076923 0.7103365384615384 0.1346153846153846 0.3269230769230769
0 0.23317307692307693 0.2668269230769231 0.04567307692307692 0.057692307692307696
0 0.8966346153846154 0.6754807692307693 0.06490384615384616 0.07932692307692307
0 0.7776442307692307 0.6298076923076923 0.04567307692307692 0.06009615384615385
3 0.5829326923076923 0.4795673076923077 0.0673076923076923 0.08173076923076923
2 0.6887019230769231 0.6550480769230769 0.0889423076923077 0.25961538461538464
2 0.8485576923076923 0.5961538461538461 0.07932692307692307 0.20192307692307693
0 0.6550480769230769 0.5697115384615384 0.028846153846153848 0.038461538461538464
0 0.9314903846153846 0.6298076923076923 0.03125 0.04567307692307692