0 0.6658653846153846 0.32572115384615385 0.04567307692307692 0.057692307692307696
2 0.6262019230769231 0.4987980769230769 0.14182692307692307 0.3125
2 0.2824519230769231 0.5096153846153846 0.15144230769230768 0.32211538461538464
2 0.36899038461538464 0.5324519230769231 0.11778846153846154 0.2932692307692308
2 0.4182692307692308 0.5408653846153846 0.13942307692307693 0.32211538461538464
2 0.5685096153846154 0.5612980769230769 0.15144230769230768 0.33653846153846156
2 0.6730769230769231 0.6105769230769231 0.1466346153846154 0.3076923076923077
2 0.7824519230769231 0.6286057692307693 0.16826923076923078 0.37259615384615385
2 0.8701923076923077 0.6670673076923077 0.11778846153846154 0.27403846153846156
2 0.9459134615384616 0.6911057692307693 0.10817307692307693 0.31971153846153844
3 0.5697115384615384 0.25240384615384615 0.08653846153846154 0.11057692307692307
4 0.6322115384615384 0.47475961538461536 0.15144230769230768 0.36538461538461536