0 0.5853365384615384 0.27524038461538464 0.04326923076923077 0.055288461538461536
2 0.6165865384615384 0.4495192307692308 0.11778846153846154 0.3125
2 0.30288461538461536 0.5949519230769231 0.125 0.31971153846153844
2 0.3918269230769231 0.5805288461538461 0.09615384615384616 0.2932692307692308
2 0.4411057692307692 0.5697115384615384 0.11538461538461539 0.32211538461538464
2 0.5877403846153846 0.5300480769230769 0.125 0.33653846153846156
2 0.7019230769230769 0.5336538461538461 0.12259615384615384 0.30528846153846156
2 0.8100961538461539 0.5084134615384616 0.13701923076923078 0.3701923076923077
2 0.9050480769230769 0.5084134615384616 0.09615384615384616 0.27403846153846156
2 0.9723557692307693 0.5 0.055288461538461536 0.32211538461538464
3 0.46634615384615385 0.24519230769230768 0.07932692307692307 0.10576923076923077
4 0.6117788461538461 0.4254807692307692 0.12259615384615384 0.36538461538461536