0 0.6189903846153846 0.29086538461538464 0.03485576923076923 0.05048076923076923
2 0.6225961538461539 0.46875 0.06971153846153846 0.30528846153846156
2 0.29086538461538464 0.5625 0.078125 0.3125
2 0.38100961538461536 0.5625 0.05048076923076923 0.28846153846153844
2 0.43028846153846156 0.5600961538461539 0.06610576923076923 0.3161057692307692
2 0.5817307692307693 0.5432692307692307 0.07451923076923077 0.328125
2 0.6947115384615384 0.5649038461538461 0.078125 0.296875
2 0.8052884615384616 0.5564903846153846 0.08173076923076923 0.3629807692307692
2 0.8990384615384616 0.5721153846153846 0.055288461538461536 0.2692307692307692
2 0.9819711538461539 0.578125 0.03485576923076923 0.31971153846153844
3 0.5072115384615384 0.24278846153846154 0.06610576923076923 0.09735576923076923
4 0.6225961538461539 0.44350961538461536 0.06610576923076923 0.359375