0 0.3641826923076923 0.8293269230769231 0.05048076923076923 0.07451923076923077
0 0.27524038461538464 0.8149038461538461 0.04567307692307692 0.06971153846153846
0 0.2127403846153846 0.8076923076923077 0.04807692307692308 0.06490384615384616
2 0.5 0.5829326923076923 0.10817307692307693 0.39903846153846156
2 0.41586538461538464 0.6262019230769231 0.10817307692307693 0.5096153846153846
2 0.0733173076923077 0.6586538461538461 0.13701923076923078 0.44711538461538464
2 0.8329326923076923 0.6105769230769231 0.11057692307692307 0.45913461538461536
2 0.26802884615384615 0.6153846153846154 0.0673076923076923 0.25240384615384615
0 0.4699519230769231 0.36538461538461536 0.04326923076923077 0.0673076923076923
3 0.24879807692307693 0.25 0.06971153846153846 0.12740384615384615
0 0.23557692307692307 0.5925480769230769 0.019230769230769232 0.03125
2 0.125 0.625 0.09375 0.44471153846153844
2 0.9014423076923077 0.5973557692307693 0.0889423076923077 0.4543269230769231