0 0.4182692307692308 0.8461538461538461 0.06009615384615385 0.08173076923076923
0 0.3269230769230769 0.8461538461538461 0.055288461538461536 0.07451923076923077
0 0.2644230769230769 0.8485576923076923 0.057692307692307696 0.07211538461538461
2 0.5132211538461539 0.5817307692307693 0.16826923076923078 0.40865384615384615
2 0.4362980769230769 0.6370192307692307 0.18509615384615385 0.5144230769230769
2 0.10336538461538461 0.7235576923076923 0.20432692307692307 0.45913461538461536
2 0.8461538461538461 0.5576923076923077 0.1778846153846154 0.4639423076923077
2 0.28966346153846156 0.6502403846153846 0.10336538461538461 0.25721153846153844
0 0.4495192307692308 0.3713942307692308 0.052884615384615384 0.07211538461538461
3 0.2127403846153846 0.2920673076923077 0.0889423076923077 0.13701923076923078
0 0.25240384615384615 0.6322115384615384 0.02403846153846154 0.03365384615384615
2 0.1502403846153846 0.6814903846153846 0.16105769230769232 0.44711538461538464
2 0.9122596153846154 0.5336538461538461 0.15625 0.45913461538461536