0 0.35336538461538464 0.8245192307692307 0.04807692307692308 0.0733173076923077
0 0.2644230769230769 0.8064903846153846 0.04326923076923077 0.06850961538461539
0 0.20192307692307693 0.796875 0.04567307692307692 0.06370192307692307
2 0.49759615384615385 0.5829326923076923 0.09495192307692307 0.39663461538461536
2 0.4110576923076923 0.6225961538461539 0.09014423076923077 0.5072115384615384
2 0.06850961538461539 0.6442307692307693 0.12139423076923077 0.44350961538461536
2 0.8293269230769231 0.6225961538461539 0.09375 0.45552884615384615
2 0.2644230769230769 0.6069711538461539 0.057692307692307696 0.2512019230769231
0 0.47475961538461536 0.3641826923076923 0.042067307692307696 0.06610576923076923
3 0.25721153846153844 0.24158653846153846 0.06610576923076923 0.12620192307692307
0 0.23197115384615385 0.5829326923076923 0.019230769230769232 0.030048076923076924
2 0.12139423076923077 0.6117788461538461 0.078125 0.4411057692307692
2 0.8978365384615384 0.6117788461538461 0.07211538461538461 0.453125