3 0.09975961538461539 0.34615384615384615 0.08413461538461539 0.10336538461538461
3 0.4567307692307692 0.3473557692307692 0.04326923076923077 0.052884615384615384
0 0.8016826923076923 0.5805288461538461 0.08173076923076923 0.09375
2 0.10336538461538461 0.6310096153846154 0.13942307692307693 0.21394230769230768
2 0.17548076923076922 0.6538461538461539 0.2091346153846154 0.3605769230769231
2 0.2860576923076923 0.6442307692307693 0.2403846153846154 0.3389423076923077
2 0.3401442307692308 0.5769230769230769 0.13701923076923078 0.20673076923076922
2 0.4326923076923077 0.5817307692307693 0.22115384615384615 0.3004807692307692
2 0.546875 0.49759615384615385 0.11538461538461539 0.18509615384615385
2 0.6622596153846154 0.6586538461538461 0.4519230769230769 0.5384615384615384
2 0.8677884615384616 0.5432692307692307 0.2644230769230769 0.5336538461538461