3 0.140625 0.265625 0.0673076923076923 0.09375
3 0.4891826923076923 0.34134615384615385 0.03365384615384615 0.04807692307692308
0 0.7776442307692307 0.6418269230769231 0.0673076923076923 0.08413461538461539
2 0.08533653846153846 0.5456730769230769 0.10336538461538461 0.20192307692307693
2 0.1502403846153846 0.5829326923076923 0.14423076923076922 0.34615384615384615
2 0.2608173076923077 0.5973557692307693 0.18269230769230768 0.31490384615384615
2 0.328125 0.5420673076923077 0.10096153846153846 0.19471153846153846
2 0.4170673076923077 0.5661057692307693 0.17067307692307693 0.2764423076923077
2 0.5456730769230769 0.5072115384615384 0.08173076923076923 0.17548076923076922
2 0.625 0.6887019230769231 0.36778846153846156 0.4831730769230769
2 0.8822115384615384 0.6237980769230769 0.23557692307692307 0.5072115384615384