3 0.15384615384615385 0.24759615384615385 0.06370192307692307 0.09014423076923077
3 0.49759615384615385 0.34134615384615385 0.03245192307692308 0.04567307692307692
0 0.7704326923076923 0.65625 0.0625 0.08052884615384616
2 0.0829326923076923 0.5240384615384616 0.09254807692307693 0.1971153846153846
2 0.1466346153846154 0.5649038461538461 0.12620192307692307 0.3389423076923077
2 0.25600961538461536 0.5841346153846154 0.1658653846153846 0.30649038461538464
2 0.32572115384615385 0.5324519230769231 0.09014423076923077 0.18990384615384615
2 0.41346153846153844 0.5612980769230769 0.15625 0.2692307692307692
2 0.5456730769230769 0.5096153846153846 0.07211538461538461 0.17307692307692307
2 0.6153846153846154 0.6947115384615384 0.34375 0.46634615384615385
2 0.8774038461538461 0.6454326923076923 0.21394230769230768 0.4963942307692308