3 0.6694711538461539 0.24759615384615385 0.057692307692307696 0.08413461538461539
2 0.09735576923076923 0.3016826923076923 0.10336538461538461 0.28365384615384615
2 0.234375 0.2860576923076923 0.0985576923076923 0.24278846153846154
2 0.3545673076923077 0.25600961538461536 0.08653846153846154 0.22115384615384615
2 0.27163461538461536 0.4110576923076923 0.1201923076923077 0.25961538461538464
2 0.22596153846153846 0.6862980769230769 0.11778846153846154 0.2860576923076923
2 0.47716346153846156 0.5480769230769231 0.09615384615384616 0.27884615384615385
2 0.48677884615384615 0.6826923076923077 0.13942307692307693 0.3389423076923077
2 0.5649038461538461 0.46033653846153844 0.10336538461538461 0.2956730769230769
2 0.6802884615384616 0.5733173076923077 0.08173076923076923 0.25961538461538464
2 0.7487980769230769 0.5769230769230769 0.12980769230769232 0.3894230769230769
2 0.7007211538461539 0.5733173076923077 0.14182692307692307 0.34615384615384615
0 0.7920673076923077 0.2860576923076923 0.03365384615384615 0.05048076923076923
4 0.7620192307692307 0.5168269230769231 0.15144230769230768 0.5120192307692307