1 0.4375 0.2980769230769231 0.0889423076923077 0.14182692307692307
0 0.45552884615384615 0.28846153846153844 0.04567307692307692 0.06971153846153846
3 0.4375 0.2980769230769231 0.09134615384615384 0.1466346153846154
2 0.15865384615384615 0.7704326923076923 0.1201923076923077 0.40625
2 0.328125 0.6694711538461539 0.21394230769230768 0.6610576923076923
2 0.40625 0.7007211538461539 0.17548076923076922 0.5745192307692307
2 0.5925480769230769 0.7127403846153846 0.11298076923076923 0.4639423076923077
2 0.6766826923076923 0.6838942307692307 0.13701923076923078 0.5024038461538461
2 0.7091346153846154 0.6790865384615384 0.11778846153846154 0.49759615384615385
2 0.8112980769230769 0.6887019230769231 0.10576923076923077 0.4879807692307692
2 0.8942307692307693 0.6814903846153846 0.16346153846153846 0.5360576923076923