1 0.328125 0.2283653846153846 0.0673076923076923 0.109375
0 0.3269230769230769 0.24759615384615385 0.030048076923076924 0.06129807692307692
3 0.328125 0.22716346153846154 0.0673076923076923 0.109375
2 0.042067307692307696 0.7211538461538461 0.08413461538461539 0.5528846153846154
2 0.27403846153846156 0.7127403846153846 0.09014423076923077 0.390625
2 0.35096153846153844 0.6959134615384616 0.1141826923076923 0.43149038461538464
2 0.4182692307692308 0.6706730769230769 0.054086538461538464 0.32211538461538464
2 0.453125 0.6947115384615384 0.05889423076923077 0.3088942307692308
2 0.4831730769230769 0.6538461538461539 0.054086538461538464 0.328125
2 0.5709134615384616 0.6526442307692307 0.09495192307692307 0.38221153846153844
2 0.6778846153846154 0.6490384615384616 0.11298076923076923 0.4807692307692308
2 0.8557692307692307 0.5769230769230769 0.0625 0.34134615384615385
2 0.9158653846153846 0.5949519230769231 0.07932692307692307 0.5264423076923077
2 0.9495192307692307 0.6225961538461539 0.09975961538461539 0.6850961538461539