1 0.38822115384615385 0.19831730769230768 0.0889423076923077 0.1201923076923077
0 0.38341346153846156 0.21754807692307693 0.04326923076923077 0.0673076923076923
3 0.38822115384615385 0.1971153846153846 0.0889423076923077 0.1201923076923077
2 0.051682692307692304 0.6201923076923077 0.10336538461538461 0.5576923076923077
2 0.234375 0.6610576923076923 0.16826923076923078 0.4014423076923077
2 0.3137019230769231 0.6610576923076923 0.20192307692307693 0.44471153846153844
2 0.38461538461538464 0.6502403846153846 0.1201923076923077 0.3269230769230769
2 0.41346153846153844 0.6802884615384616 0.12259615384615384 0.31490384615384615
2 0.4519230769230769 0.6466346153846154 0.1201923076923077 0.3317307692307692
2 0.5372596153846154 0.6634615384615384 0.17307692307692307 0.3942307692307692
2 0.6430288461538461 0.6826923076923077 0.21153846153846154 0.49278846153846156
2 0.8317307692307693 0.6490384615384616 0.13221153846153846 0.34615384615384615
2 0.8870192307692307 0.6790865384615384 0.1875 0.53125
2 0.8966346153846154 0.6838942307692307 0.20673076923076922 0.6322115384615384