3 0.6177884615384616 0.21995192307692307 0.04447115384615385 0.078125
2 0.0673076923076923 0.38221153846153844 0.05048076923076923 0.27884615384615385
2 0.19831730769230768 0.3401442307692308 0.054086538461538464 0.23798076923076922
2 0.3112980769230769 0.28846153846153844 0.04567307692307692 0.21754807692307693
2 0.25841346153846156 0.4567307692307692 0.07451923076923077 0.2512019230769231
2 0.2668269230769231 0.7355769230769231 0.06610576923076923 0.2776442307692308
2 0.48677884615384615 0.5516826923076923 0.04447115384615385 0.2764423076923077
2 0.5216346153846154 0.6814903846153846 0.07692307692307693 0.3293269230769231
2 0.5564903846153846 0.4483173076923077 0.04807692307692308 0.2920673076923077
2 0.6911057692307693 0.5372596153846154 0.03365384615384615 0.25841346153846156
2 0.7584134615384616 0.5276442307692307 0.056490384615384616 0.38461538461538464
2 0.7115384615384616 0.5336538461538461 0.07932692307692307 0.33653846153846156
0 0.7463942307692307 0.234375 0.02403846153846154 0.046875
4 0.7608173076923077 0.46634615384615385 0.055288461538461536 0.5108173076923077