3 0.6778846153846154 0.2536057692307692 0.06009615384615385 0.08653846153846154
2 0.1045673076923077 0.28846153846153844 0.11298076923076923 0.28365384615384615
2 0.24158653846153846 0.2764423076923077 0.10576923076923077 0.24519230769230768
2 0.3641826923076923 0.2512019230769231 0.09375 0.22115384615384615
2 0.27403846153846156 0.40384615384615385 0.12980769230769232 0.2620192307692308
2 0.21995192307692307 0.6766826923076923 0.12740384615384615 0.2860576923076923
2 0.47596153846153844 0.546875 0.10576923076923077 0.27884615384615385
2 0.4807692307692308 0.6814903846153846 0.14903846153846154 0.3389423076923077
2 0.5661057692307693 0.46274038461538464 0.11298076923076923 0.2956730769230769
2 0.6778846153846154 0.5793269230769231 0.09134615384615384 0.25961538461538464
2 0.7451923076923077 0.5853365384615384 0.14182692307692307 0.3870192307692308
2 0.6983173076923077 0.5805288461538461 0.15384615384615385 0.34615384615384615
0 0.7992788461538461 0.296875 0.03365384615384615 0.05048076923076923
4 0.7620192307692307 0.5264423076923077 0.16826923076923078 0.5096153846153846