1 0.46274038461538464 0.2920673076923077 0.07692307692307693 0.13701923076923078
0 0.48197115384615385 0.2848557692307692 0.038461538461538464 0.0673076923076923
3 0.46274038461538464 0.2920673076923077 0.07932692307692307 0.14182692307692307
2 0.12860576923076922 0.7271634615384616 0.08653846153846154 0.4014423076923077
2 0.3076923076923077 0.6598557692307693 0.15625 0.6754807692307693
2 0.38221153846153844 0.6875 0.12740384615384615 0.5673076923076923
2 0.5661057692307693 0.7223557692307693 0.07451923076923077 0.45913461538461536
2 0.6526442307692307 0.7043269230769231 0.09615384615384616 0.49759615384615385
2 0.6862980769230769 0.703125 0.07692307692307693 0.49278846153846156
2 0.7860576923076923 0.7247596153846154 0.06490384615384616 0.4855769230769231
2 0.8689903846153846 0.7271634615384616 0.11778846153846154 0.5288461538461539