1 0.45913461538461536 0.2932692307692308 0.07572115384615384 0.13581730769230768
0 0.47836538461538464 0.2848557692307692 0.038461538461538464 0.06610576923076923
3 0.45913461538461536 0.2932692307692308 0.07692307692307693 0.13942307692307693
2 0.13221153846153846 0.7331730769230769 0.07932692307692307 0.39903846153846156
2 0.31009615384615385 0.6634615384615384 0.14423076923076922 0.6730769230769231
2 0.3858173076923077 0.6899038461538461 0.11658653846153846 0.5661057692307693
2 0.5697115384615384 0.7211538461538461 0.06610576923076923 0.45913461538461536
2 0.65625 0.7019230769230769 0.08653846153846154 0.4963942307692308
2 0.6899038461538461 0.6995192307692307 0.0673076923076923 0.49278846153846156
2 0.7896634615384616 0.7199519230769231 0.055288461538461536 0.484375
2 0.8725961538461539 0.7211538461538461 0.10817307692307693 0.5264423076923077