1 0.37259615384615385 0.20432692307692307 0.08413461538461539 0.11778846153846154
0 0.36899038461538464 0.22355769230769232 0.038461538461538464 0.06490384615384616
3 0.37259615384615385 0.203125 0.08413461538461539 0.11778846153846154
2 0.04927884615384615 0.6454326923076923 0.0985576923076923 0.5600961538461539
2 0.2439903846153846 0.6742788461538461 0.14903846153846154 0.39903846153846156
2 0.32211538461538464 0.6706730769230769 0.18028846153846154 0.44471153846153844
2 0.39302884615384615 0.65625 0.10336538461538461 0.3269230769230769
2 0.4230769230769231 0.6850961538461539 0.10576923076923077 0.31490384615384615
2 0.45913461538461536 0.6490384615384616 0.10576923076923077 0.3317307692307692
2 0.5456730769230769 0.6622596153846154 0.15384615384615385 0.3918269230769231
2 0.6526442307692307 0.6754807692307693 0.1875 0.49278846153846156
2 0.8389423076923077 0.6322115384615384 0.11538461538461539 0.34615384615384615
2 0.8954326923076923 0.6586538461538461 0.16105769230769232 0.53125
2 0.9098557692307693 0.671875 0.18028846153846154 0.65625