3 0.5865384615384616 0.31850961538461536 0.09254807692307693 0.140625
2 0.046875 0.6754807692307693 0.09375 0.4699519230769231
2 0.13701923076923078 0.8341346153846154 0.13341346153846154 0.29086538461538464
2 0.2620192307692308 0.7019230769230769 0.1658653846153846 0.5504807692307693
2 0.42788461538461536 0.4579326923076923 0.10817307692307693 0.42788461538461536
2 0.4206730769230769 0.8233173076923077 0.12740384615384615 0.30528846153846156
2 0.6177884615384616 0.8040865384615384 0.15144230769230768 0.34375
2 0.5889423076923077 0.5805288461538461 0.09375 0.49759615384615385
2 0.49038461538461536 0.4879807692307692 0.13942307692307693 0.6225961538461539
0 0.5024038461538461 0.1502403846153846 0.04447115384615385 0.06610576923076923
4 0.49038461538461536 0.4579326923076923 0.13942307692307693 0.6826923076923077