3 0.6081730769230769 0.33052884615384615 0.10817307692307693 0.15144230769230768
2 0.051682692307692304 0.6189903846153846 0.10336538461538461 0.47836538461538464
2 0.0985576923076923 0.7872596153846154 0.16826923076923078 0.30528846153846156
2 0.23918269230769232 0.671875 0.23076923076923078 0.5673076923076923
2 0.4338942307692308 0.4495192307692308 0.15865384615384615 0.4375
2 0.38221153846153844 0.8112980769230769 0.16346153846153846 0.31971153846153844
2 0.5793269230769231 0.8161057692307693 0.19230769230769232 0.3605769230769231
2 0.578125 0.5913461538461539 0.15384615384615385 0.5048076923076923
2 0.49158653846153844 0.48677884615384615 0.21394230769230768 0.6346153846153846
0 0.5444711538461539 0.15264423076923078 0.052884615384615384 0.07211538461538461
4 0.4951923076923077 0.4567307692307692 0.22115384615384615 0.6947115384615384