3 0.6141826923076923 0.33413461538461536 0.11298076923076923 0.15384615384615385
2 0.054086538461538464 0.6021634615384616 0.10817307692307693 0.47836538461538464
2 0.0889423076923077 0.7728365384615384 0.1778846153846154 0.3076923076923077
2 0.23317307692307693 0.6622596153846154 0.25 0.5697115384615384
2 0.43509615384615385 0.44711538461538464 0.17307692307692307 0.43990384615384615
2 0.3713942307692308 0.8064903846153846 0.17307692307692307 0.32211538461538464
2 0.5685096153846154 0.8185096153846154 0.20432692307692307 0.3629807692307692
2 0.5757211538461539 0.59375 0.17067307692307693 0.5072115384615384
2 0.49278846153846156 0.48677884615384615 0.23557692307692307 0.6370192307692307
0 0.5564903846153846 0.15504807692307693 0.055288461538461536 0.07211538461538461
4 0.49759615384615385 0.4567307692307692 0.24519230769230768 0.6971153846153846