0 0.3942307692307692 0.46634615384615385 0.02403846153846154 0.04326923076923077
3 0.6129807692307693 0.31009615384615385 0.05048076923076923 0.055288461538461536
2 0.05889423076923077 0.46634615384615385 0.038461538461538464 0.171875
2 0.5096153846153846 0.8966346153846154 0.09735576923076923 0.20673076923076922
2 0.18028846153846154 0.8449519230769231 0.11057692307692307 0.31009615384615385
2 0.15865384615384615 0.5528846153846154 0.09014423076923077 0.18028846153846154
2 0.8810096153846154 0.6814903846153846 0.11778846153846154 0.28125
2 0.5805288461538461 0.40024038461538464 0.03485576923076923 0.109375
2 0.5745192307692307 0.5661057692307693 0.08173076923076923 0.24278846153846154
2 0.41586538461538464 0.5661057692307693 0.0625 0.23076923076923078
2 0.48197115384615385 0.6225961538461539 0.08653846153846154 0.234375
2 0.49038461538461536 0.4723557692307692 0.08173076923076923 0.09014423076923077