0 0.4050480769230769 0.4423076923076923 0.03365384615384615 0.04807692307692308
3 0.6550480769230769 0.3425480769230769 0.0625 0.06490384615384616
2 0.08052884615384616 0.3605769230769231 0.07932692307692307 0.17548076923076922
2 0.41346153846153844 0.8870192307692307 0.14423076923076922 0.22355769230769232
2 0.10576923076923077 0.7572115384615384 0.18269230769230768 0.3269230769230769
2 0.15625 0.46875 0.13221153846153846 0.1971153846153846
2 0.8257211538461539 0.7680288461538461 0.18269230769230768 0.3004807692307692
2 0.6021634615384616 0.4230769230769231 0.06009615384615385 0.11538461538461539
2 0.5564903846153846 0.5817307692307693 0.13701923076923078 0.2548076923076923
2 0.4026442307692308 0.5432692307692307 0.11538461538461539 0.23798076923076922
2 0.453125 0.6141826923076923 0.14182692307692307 0.24759615384615385
2 0.49759615384615385 0.47115384615384615 0.10096153846153846 0.10817307692307693