0 0.39663461538461536 0.45913461538461536 0.026442307692307692 0.04567307692307692
3 0.6262019230769231 0.31850961538461536 0.055288461538461536 0.057692307692307696
2 0.0625 0.43509615384615385 0.05048076923076923 0.17307692307692307
2 0.4807692307692308 0.8942307692307693 0.11057692307692307 0.21153846153846154
2 0.15745192307692307 0.8221153846153846 0.13221153846153846 0.3173076923076923
2 0.15625 0.5288461538461539 0.10336538461538461 0.18509615384615385
2 0.8677884615384616 0.7079326923076923 0.13701923076923078 0.28846153846153844
2 0.5877403846153846 0.40625 0.04326923076923077 0.11057692307692307
2 0.5697115384615384 0.5709134615384616 0.0985576923076923 0.24759615384615385
2 0.4110576923076923 0.5600961538461539 0.07932692307692307 0.23557692307692307
2 0.4735576923076923 0.6213942307692307 0.10336538461538461 0.2403846153846154
2 0.49278846153846156 0.47115384615384615 0.0889423076923077 0.09615384615384616