2 0.039663461538461536 0.4362980769230769 0.07932692307692307 0.22355769230769232
2 0.24759615384615385 0.4963942307692308 0.15384615384615385 0.3004807692307692
2 0.33052884615384615 0.49399038461538464 0.07211538461538461 0.1778846153846154
2 0.4387019230769231 0.5372596153846154 0.07932692307692307 0.20192307692307693
2 0.34615384615384615 0.5204326923076923 0.07932692307692307 0.19230769230769232
2 0.5480769230769231 0.5372596153846154 0.14182692307692307 0.28846153846153844
2 0.39783653846153844 0.5204326923076923 0.055288461538461536 0.1466346153846154
2 0.4182692307692308 0.5240384615384616 0.08413461538461539 0.19471153846153846
2 0.6165865384615384 0.5721153846153846 0.15144230769230768 0.34615384615384615
2 0.7668269230769231 0.59375 0.0985576923076923 0.22355769230769232
0 0.65625 0.39302884615384615 0.03125 0.04807692307692308
3 0.5396634615384616 0.35697115384615385 0.04326923076923077 0.0673076923076923
4 0.6213942307692307 0.5540865384615384 0.16105769230769232 0.38221153846153844