2 0.03125 0.5024038461538461 0.06009615384615385 0.22355769230769232
2 0.25 0.53125 0.11538461538461539 0.2956730769230769
2 0.3317307692307692 0.5168269230769231 0.05048076923076923 0.1778846153846154
2 0.44471153846153844 0.5444711538461539 0.052884615384615384 0.20192307692307693
2 0.35096153846153844 0.5408653846153846 0.055288461538461536 0.19230769230769232
2 0.5528846153846154 0.5300480769230769 0.10576923076923077 0.28365384615384615
2 0.4026442307692308 0.5348557692307693 0.036057692307692304 0.1466346153846154
2 0.4230769230769231 0.5348557692307693 0.057692307692307696 0.19471153846153846
2 0.6262019230769231 0.5552884615384616 0.10576923076923077 0.34615384615384615
2 0.7764423076923077 0.5552884615384616 0.06971153846153846 0.22355769230769232
0 0.640625 0.37259615384615385 0.026442307692307692 0.04567307692307692
3 0.5192307692307693 0.35336538461538464 0.036057692307692304 0.06490384615384616
3 0.9855769230769231 0.12740384615384615 0.028846153846153848 0.15865384615384615
4 0.6274038461538461 0.5360576923076923 0.11057692307692307 0.3798076923076923