2 0.03365384615384615 0.5516826923076923 0.037259615384615384 0.22115384615384615
2 0.2548076923076923 0.5576923076923077 0.08653846153846154 0.28725961538461536
2 0.33413461538461536 0.5348557692307693 0.03125 0.17548076923076922
2 0.4495192307692308 0.5504807692307693 0.03125 0.19951923076923078
2 0.3557692307692308 0.5564903846153846 0.03485576923076923 0.18990384615384615
2 0.5552884615384616 0.5240384615384616 0.078125 0.2776442307692308
2 0.40625 0.5444711538461539 0.021634615384615384 0.14543269230769232
2 0.4266826923076923 0.5432692307692307 0.038461538461538464 0.19110576923076922
2 0.6310096153846154 0.5420673076923077 0.07091346153846154 0.3401442307692308
2 0.78125 0.5264423076923077 0.046875 0.21875
0 0.6262019230769231 0.3581730769230769 0.021634615384615384 0.04326923076923077
3 0.5036057692307693 0.35216346153846156 0.028846153846153848 0.0625
3 0.96875 0.07692307692307693 0.06129807692307692 0.15384615384615385
4 0.6310096153846154 0.5228365384615384 0.07211538461538461 0.375