4 0.6141826923076923 0.41586538461538464 0.08653846153846154 0.21875
3 0.6574519230769231 0.3245192307692308 0.028846153846153848 0.04326923076923077
2 0.90625 0.45552884615384615 0.05048076923076923 0.15144230769230768
2 0.10576923076923077 0.6778846153846154 0.09615384615384616 0.16346153846153846
2 0.3401442307692308 0.5444711538461539 0.04567307692307692 0.12740384615384615
2 0.25721153846153844 0.5060096153846154 0.052884615384615384 0.13701923076923078
2 0.5120192307692307 0.6358173076923077 0.08173076923076923 0.20432692307692307
2 0.5324519230769231 0.46274038461538464 0.0625 0.12259615384615384
2 0.6502403846153846 0.5612980769230769 0.09134615384615384 0.1778846153846154
2 0.6971153846153846 0.4951923076923077 0.06490384615384616 0.15384615384615385
2 0.6141826923076923 0.44350961538461536 0.06490384615384616 0.16105769230769232
2 0.6550480769230769 0.4543269230769231 0.06490384615384616 0.15625
0 0.6165865384615384 0.32091346153846156 0.014423076923076924 0.021634615384615384
2 0.5252403846153846 0.8209134615384616 0.08413461538461539 0.25721153846153844