3 0.24519230769230768 0.32572115384615385 0.056490384615384616 0.13341346153846154
2 0.018028846153846152 0.7584134615384616 0.03485576923076923 0.41586538461538464
2 0.2439903846153846 0.7512019230769231 0.06850961538461539 0.41586538461538464
2 0.3161057692307692 0.7536057692307693 0.0625 0.30408653846153844
2 0.9447115384615384 0.7367788461538461 0.06850961538461539 0.2608173076923077
2 0.8449519230769231 0.7608173076923077 0.0625 0.1814903846153846
2 0.6790865384615384 0.7067307692307693 0.03365384615384615 0.15384615384615385
0 0.5673076923076923 0.6009615384615384 0.027644230769230768 0.051682692307692304
2 0.5673076923076923 0.671875 0.042067307692307696 0.15865384615384615
2 0.6141826923076923 0.7896634615384616 0.07692307692307693 0.33533653846153844
2 0.5480769230769231 0.7920673076923077 0.10576923076923077 0.390625
2 0.4254807692307692 0.7824519230769231 0.125 0.43509615384615385
4 0.5685096153846154 0.6598557692307693 0.039663461538461536 0.17668269230769232