2 0.9711538461538461 0.7283653846153846 0.057692307692307696 0.375
2 0.8798076923076923 0.7403846153846154 0.125 0.40384615384615385
2 0.7247596153846154 0.6995192307692307 0.03125 0.16346153846153846
2 0.7475961538461539 0.7103365384615384 0.0625 0.22115384615384615
2 0.6598557692307693 0.7127403846153846 0.040865384615384616 0.19230769230769232
2 0.6213942307692307 0.7644230769230769 0.12259615384615384 0.4495192307692308
2 0.5384615384615384 0.7608173076923077 0.14423076923076922 0.47836538461538464
2 0.2956730769230769 0.8028846153846154 0.08413461538461539 0.2860576923076923
0 0.23798076923076922 0.7307692307692307 0.04567307692307692 0.07451923076923077
2 0.20793269230769232 0.7920673076923077 0.10817307692307693 0.41586538461538464
3 0.27524038461538464 0.3557692307692308 0.08413461538461539 0.14423076923076922