3 0.22235576923076922 0.12740384615384615 0.06009615384615385 0.11538461538461539
2 0.12259615384615384 0.5637019230769231 0.08173076923076923 0.38221153846153844
2 0.2764423076923077 0.5360576923076923 0.12740384615384615 0.36658653846153844
2 0.4014423076923077 0.75 0.15264423076923078 0.40024038461538464
2 0.3918269230769231 0.5661057692307693 0.12620192307692307 0.40865384615384615
2 0.43149038461538464 0.3737980769230769 0.06971153846153846 0.23677884615384615
2 0.5480769230769231 0.3125 0.08774038461538461 0.4891826923076923
2 0.8040865384615384 0.4807692307692308 0.14182692307692307 0.3786057692307692
2 0.6983173076923077 0.3713942307692308 0.06610576923076923 0.46634615384615385
2 0.7620192307692307 0.4411057692307692 0.08653846153846154 0.27884615384615385
0 0.6646634615384616 0.07692307692307693 0.03365384615384615 0.05889423076923077
4 0.6899038461538461 0.3269230769230769 0.08533653846153846 0.5576923076923077