3 0.16706730769230768 0.17548076923076922 0.07692307692307693 0.12259615384615384
2 0.13701923076923078 0.6213942307692307 0.13942307692307693 0.3894230769230769
2 0.2848557692307692 0.5709134615384616 0.18269230769230768 0.38221153846153844
2 0.4423076923076923 0.7620192307692307 0.21394230769230768 0.4182692307692308
2 0.40384615384615385 0.5817307692307693 0.1875 0.4230769230769231
2 0.41225961538461536 0.3858173076923077 0.10576923076923077 0.24519230769230768
2 0.5180288461538461 0.3076923076923077 0.16346153846153846 0.49759615384615385
2 0.796875 0.4338942307692308 0.19951923076923078 0.39663461538461536
2 0.6754807692307693 0.3425480769230769 0.13942307692307693 0.47115384615384615
2 0.75 0.4014423076923077 0.12980769230769232 0.28846153846153844
0 0.5961538461538461 0.056490384615384616 0.04326923076923077 0.0625
4 0.6610576923076923 0.29927884615384615 0.17067307692307693 0.5649038461538461