0 0.4266826923076923 0.5036057692307693 0.04326923076923077 0.07692307692307693
3 0.21995192307692307 0.19591346153846154 0.0985576923076923 0.1875
2 0.20072115384615385 0.7860576923076923 0.0889423076923077 0.42788461538461536
2 0.2860576923076923 0.7788461538461539 0.10576923076923077 0.4423076923076923
2 0.3245192307692308 0.7848557692307693 0.052884615384615384 0.43028846153846156
2 0.40865384615384615 0.7572115384615384 0.057692307692307696 0.3245192307692308
2 0.53125 0.7451923076923077 0.14903846153846154 0.5096153846153846
2 0.6117788461538461 0.7836538461538461 0.07932692307692307 0.42788461538461536
2 0.703125 0.7704326923076923 0.15865384615384615 0.4495192307692308
2 0.8689903846153846 0.7860576923076923 0.11778846153846154 0.40384615384615385
2 0.9591346153846154 0.7884615384615384 0.08173076923076923 0.3942307692307692