3 0.27884615384615385 0.28365384615384615 0.07932692307692307 0.14182692307692307
2 0.016826923076923076 0.6694711538461539 0.03365384615384615 0.41586538461538464
2 0.20432692307692307 0.703125 0.13942307692307693 0.4206730769230769
2 0.27524038461538464 0.7175480769230769 0.11538461538461539 0.31009615384615385
2 0.8966346153846154 0.8100961538461539 0.11298076923076923 0.2692307692307692
2 0.7944711538461539 0.8173076923076923 0.09375 0.18990384615384615
2 0.640625 0.734375 0.06009615384615385 0.15625
0 0.5492788461538461 0.6105769230769231 0.036057692307692304 0.055288461538461536
2 0.5360576923076923 0.6814903846153846 0.06971153846153846 0.16346153846153846
2 0.5625 0.8052884615384616 0.1346153846153846 0.34375
2 0.4963942307692308 0.7956730769230769 0.17307692307692307 0.40384615384615385
2 0.37740384615384615 0.765625 0.19951923076923078 0.4495192307692308
4 0.5396634615384616 0.6694711538461539 0.06971153846153846 0.18028846153846154