3 0.4266826923076923 0.28846153846153844 0.026442307692307692 0.04807692307692308
2 0.15264423076923078 0.4735576923076923 0.028846153846153848 0.171875
2 0.6201923076923077 0.49399038461538464 0.09495192307692307 0.20192307692307693
2 0.3713942307692308 0.5889423076923077 0.06610576923076923 0.25240384615384615
2 0.38822115384615385 0.42427884615384615 0.051682692307692304 0.1875
2 0.4699519230769231 0.4579326923076923 0.039663461538461536 0.17307692307692307
2 0.46033653846153844 0.44350961538461536 0.020432692307692308 0.13341346153846154
2 0.43990384615384615 0.42908653846153844 0.046875 0.1935096153846154
2 0.4170673076923077 0.43028846153846156 0.03245192307692308 0.203125
0 0.4110576923076923 0.32572115384615385 0.01201923076923077 0.020432692307692308
4 0.4170673076923077 0.4230769230769231 0.03125 0.21514423076923078
2 0.31490384615384615 0.6622596153846154 0.07572115384615384 0.3401442307692308