3 0.4230769230769231 0.22596153846153846 0.046875 0.08774038461538461
0 0.5480769230769231 0.5396634615384616 0.027644230769230768 0.06370192307692307
2 0.7415865384615384 0.5480769230769231 0.04807692307692308 0.28725961538461536
2 0.6826923076923077 0.5360576923076923 0.054086538461538464 0.2956730769230769
2 0.6310096153846154 0.5300480769230769 0.042067307692307696 0.2764423076923077
2 0.5865384615384616 0.6009615384615384 0.06370192307692307 0.44350961538461536
2 0.5228365384615384 0.6057692307692307 0.06490384615384616 0.4387019230769231
2 0.1346153846153846 0.4807692307692308 0.08533653846153846 0.21995192307692307
2 0.18990384615384615 0.4567307692307692 0.04927884615384615 0.17908653846153846
2 0.22355769230769232 0.5096153846153846 0.08533653846153846 0.26802884615384615
2 0.20192307692307693 0.7584134615384616 0.24879807692307693 0.48197115384615385