4 0.6274038461538461 0.4375 0.04927884615384615 0.2127403846153846
3 0.6850961538461539 0.3545673076923077 0.02283653846153846 0.040865384615384616
2 0.9074519230769231 0.5264423076923077 0.025240384615384616 0.14903846153846154
2 0.08052884615384616 0.6069711538461539 0.07091346153846154 0.15264423076923078
2 0.33533653846153844 0.515625 0.025240384615384616 0.125
2 0.25961538461538464 0.4639423076923077 0.030048076923076924 0.13341346153846154
2 0.4879807692307692 0.6358173076923077 0.046875 0.19951923076923078
2 0.5384615384615384 0.46875 0.042067307692307696 0.11778846153846154
2 0.6370192307692307 0.5865384615384616 0.0625 0.17067307692307693
2 0.6947115384615384 0.5288461538461539 0.040865384615384616 0.14783653846153846
2 0.6225961538461539 0.4639423076923077 0.038461538461538464 0.15625
2 0.6610576923076923 0.48197115384615385 0.038461538461538464 0.15144230769230768
0 0.6454326923076923 0.34375 0.01201923076923077 0.020432692307692308
2 0.46875 0.8209134615384616 0.039663461538461536 0.2536057692307692