3 0.6057692307692307 0.046875 0.0673076923076923 0.09375
0 0.6838942307692307 0.6983173076923077 0.07932692307692307 0.1346153846153846
2 0.5576923076923077 0.35216346153846156 0.1346153846153846 0.15384615384615385
2 0.4182692307692308 0.37259615384615385 0.1201923076923077 0.27163461538461536
2 0.6069711538461539 0.6947115384615384 0.28125 0.5865384615384616
2 0.8473557692307693 0.15865384615384615 0.08413461538461539 0.15144230769230768
2 0.5012019230769231 0.3076923076923077 0.057692307692307696 0.12980769230769232
2 0.4699519230769231 0.33052884615384615 0.07451923076923077 0.18509615384615385
2 0.5625 0.2668269230769231 0.0625 0.11778846153846154
2 0.515625 0.2668269230769231 0.057692307692307696 0.12259615384615384
2 0.2548076923076923 0.4254807692307692 0.13942307692307693 0.28365384615384615