0 0.4411057692307692 0.2439903846153846 0.03365384615384615 0.07211538461538461
3 0.4675480769230769 0.3389423076923077 0.06129807692307692 0.13221153846153846
2 0.8798076923076923 0.7271634615384616 0.04326923076923077 0.19951923076923078
2 0.8509615384615384 0.8269230769230769 0.052884615384615384 0.3449519230769231
2 0.7980769230769231 0.8221153846153846 0.0733173076923077 0.3557692307692308
2 0.6935096153846154 0.8233173076923077 0.09134615384615384 0.35336538461538464
2 0.6298076923076923 0.7992788461538461 0.0733173076923077 0.4014423076923077
2 0.5649038461538461 0.8125 0.07091346153846154 0.3737980769230769
2 0.4483173076923077 0.8004807692307693 0.07932692307692307 0.39903846153846156
2 0.38822115384615385 0.8149038461538461 0.0889423076923077 0.36899038461538464
2 0.036057692307692304 0.7548076923076923 0.07211538461538461 0.49038461538461536
2 0.16826923076923078 0.7055288461538461 0.2824519230769231 0.5889423076923077