0 0.5793269230769231 0.5492788461538461 0.04326923076923077 0.07451923076923077
3 0.3269230769230769 0.296875 0.08653846153846154 0.14423076923076922
2 0.71875 0.7848557692307693 0.10576923076923077 0.23557692307692307
2 0.5444711538461539 0.7259615384615384 0.1346153846153846 0.3701923076923077
2 0.4675480769230769 0.6658653846153846 0.07932692307692307 0.17307692307692307
2 0.42908653846153844 0.7908653846153846 0.1778846153846154 0.375
2 0.3329326923076923 0.734375 0.20192307692307693 0.4639423076923077
2 0.26802884615384615 0.7199519230769231 0.13701923076923078 0.2956730769230769
2 0.046875 0.6622596153846154 0.09375 0.3629807692307692
2 0.04567307692307692 0.6394230769230769 0.09134615384615384 0.5048076923076923
4 0.5504807692307693 0.7115384615384616 0.14903846153846154 0.4110576923076923