0 0.42788461538461536 0.5096153846153846 0.04807692307692308 0.07932692307692307
3 0.19471153846153846 0.22115384615384615 0.11538461538461539 0.19471153846153846
2 0.2283653846153846 0.796875 0.125 0.40625
2 0.31009615384615385 0.7872596153846154 0.14423076923076922 0.4254807692307692
2 0.35096153846153844 0.7920673076923077 0.09134615384615384 0.41586538461538464
2 0.43149038461538464 0.7644230769230769 0.08653846153846154 0.3245192307692308
2 0.5528846153846154 0.7415865384615384 0.19230769230769232 0.5168269230769231
2 0.6358173076923077 0.7728365384615384 0.11538461538461539 0.43028846153846156
2 0.7259615384615384 0.7524038461538461 0.1971153846153846 0.45913461538461536
2 0.8918269230769231 0.7536057692307693 0.15384615384615385 0.4110576923076923
2 0.9627403846153846 0.7451923076923077 0.07451923076923077 0.39903846153846156