3 0.4723557692307692 0.21634615384615385 0.0625 0.09375
0 0.5408653846153846 0.546875 0.038461538461538464 0.0673076923076923
2 0.7295673076923077 0.5889423076923077 0.09615384615384616 0.29086538461538464
2 0.6730769230769231 0.5673076923076923 0.10576923076923077 0.3004807692307692
2 0.6237980769230769 0.5528846153846154 0.0889423076923077 0.27884615384615385
2 0.5673076923076923 0.6141826923076923 0.13942307692307693 0.44711538461538464
2 0.5036057692307693 0.6081730769230769 0.13942307692307693 0.4423076923076923
2 0.14302884615384615 0.4170673076923077 0.12259615384615384 0.23076923076923078
2 0.20192307692307693 0.40384615384615385 0.07932692307692307 0.18509615384615385
2 0.22596153846153846 0.46153846153846156 0.12980769230769232 0.27884615384615385
2 0.1622596153846154 0.703125 0.3245192307692308 0.5168269230769231