0 0.39783653846153844 0.25841346153846156 0.04567307692307692 0.07692307692307693
3 0.43990384615384615 0.3473557692307692 0.08413461538461539 0.14182692307692307
2 0.9134615384615384 0.6574519230769231 0.07692307692307693 0.20432692307692307
2 0.9026442307692307 0.7608173076923077 0.11298076923076923 0.3485576923076923
2 0.8497596153846154 0.765625 0.1346153846153846 0.3629807692307692
2 0.7463942307692307 0.7848557692307693 0.15144230769230768 0.3629807692307692
2 0.6802884615384616 0.7716346153846154 0.14182692307692307 0.40865384615384615
2 0.6177884615384616 0.796875 0.1346153846153846 0.3798076923076923
2 0.5012019230769231 0.8004807692307693 0.1466346153846154 0.39903846153846156
2 0.44350961538461536 0.8197115384615384 0.15144230769230768 0.3605769230769231
2 0.08774038461538461 0.7920673076923077 0.15625 0.41586538461538464
2 0.2091346153846154 0.7223557692307693 0.3798076923076923 0.5552884615384616