3 0.6766826923076923 0.06610576923076923 0.052884615384615384 0.0985576923076923
0 0.6502403846153846 0.7247596153846154 0.0625 0.12980769230769232
2 0.5793269230769231 0.3629807692307692 0.11778846153846154 0.14182692307692307
2 0.43990384615384615 0.36177884615384615 0.07932692307692307 0.27163461538461536
2 0.5745192307692307 0.7079326923076923 0.1971153846153846 0.5817307692307693
2 0.8966346153846154 0.21754807692307693 0.0625 0.14903846153846154
2 0.53125 0.31009615384615385 0.038461538461538464 0.12980769230769232
2 0.4963942307692308 0.328125 0.04567307692307692 0.1875
2 0.5973557692307693 0.2800480769230769 0.04567307692307692 0.11538461538461539
2 0.5516826923076923 0.27163461538461536 0.040865384615384616 0.12259615384615384
2 0.2692307692307692 0.38822115384615385 0.0985576923076923 0.27884615384615385