2 0.96875 0.7716346153846154 0.06129807692307692 0.3701923076923077
2 0.8569711538461539 0.7728365384615384 0.09134615384615384 0.39663461538461536
2 0.7067307692307693 0.71875 0.016826923076923076 0.1622596153846154
2 0.7283653846153846 0.7307692307692307 0.04447115384615385 0.21754807692307693
2 0.640625 0.7259615384615384 0.025240384615384616 0.18990384615384615
2 0.5973557692307693 0.7740384615384616 0.08413461538461539 0.44471153846153844
2 0.515625 0.7644230769230769 0.10336538461538461 0.47115384615384615
2 0.2704326923076923 0.7836538461538461 0.05889423076923077 0.2824519230769231
0 0.21875 0.7067307692307693 0.039663461538461536 0.07091346153846154
2 0.18269230769230768 0.7728365384615384 0.07091346153846154 0.4254807692307692
3 0.28846153846153844 0.33653846153846156 0.07211538461538461 0.13942307692307693