0 0.4495192307692308 0.24158653846153846 0.036057692307692304 0.07211538461538461
3 0.4735576923076923 0.33774038461538464 0.06490384615384616 0.1346153846153846
2 0.8713942307692307 0.7403846153846154 0.05048076923076923 0.20192307692307693
2 0.8377403846153846 0.8329326923076923 0.06490384615384616 0.33413461538461536
2 0.7860576923076923 0.8257211538461539 0.08653846153846154 0.3485576923076923
2 0.6814903846153846 0.8257211538461539 0.10336538461538461 0.3485576923076923
2 0.6177884615384616 0.8004807692307693 0.08653846153846154 0.39903846153846156
2 0.5540865384615384 0.8137019230769231 0.08413461538461539 0.37259615384615385
2 0.4375 0.7980769230769231 0.09375 0.4014423076923077
2 0.37740384615384615 0.8112980769230769 0.10096153846153846 0.37259615384615385
2 0.036057692307692304 0.7367788461538461 0.07211538461538461 0.49278846153846156
2 0.16105769230769232 0.6935096153846154 0.30288461538461536 0.5985576923076923