3 0.26322115384615385 0.10096153846153846 0.07211538461538461 0.1201923076923077
2 0.11778846153846154 0.5240384615384616 0.1201923076923077 0.3894230769230769
2 0.27403846153846156 0.5120192307692307 0.1658653846153846 0.37740384615384615
2 0.3762019230769231 0.7379807692307693 0.19471153846153846 0.41346153846153844
2 0.3858173076923077 0.5540865384615384 0.16826923076923078 0.4206730769230769
2 0.44471153846153844 0.36778846153846156 0.09375 0.24278846153846154
2 0.5673076923076923 0.31850961538461536 0.13942307692307693 0.4951923076923077
2 0.8040865384615384 0.5132211538461539 0.18028846153846154 0.3918269230769231
2 0.7103365384615384 0.39302884615384615 0.11538461538461539 0.47115384615384615
2 0.7668269230769231 0.46875 0.11538461538461539 0.2860576923076923
0 0.7079326923076923 0.09615384615384616 0.038461538461538464 0.0625
4 0.7067307692307693 0.3473557692307692 0.14423076923076922 0.5625