3 0.6947115384615384 0.3173076923076923 0.028846153846153848 0.04326923076923077
0 0.3762019230769231 0.3786057692307692 0.014423076923076924 0.021634615384615384
2 0.3473557692307692 0.5841346153846154 0.057692307692307696 0.23076923076923078
2 0.3581730769230769 0.4326923076923077 0.028846153846153848 0.10096153846153846
2 0.4519230769230769 0.4579326923076923 0.0673076923076923 0.16346153846153846
2 0.5216346153846154 0.4651442307692308 0.0625 0.125
2 0.5625 0.5588942307692307 0.036057692307692304 0.20432692307692307
2 0.5793269230769231 0.5120192307692307 0.028846153846153848 0.16826923076923078
2 0.5973557692307693 0.5228365384615384 0.038461538461538464 0.16826923076923078
2 0.6502403846153846 0.46875 0.028846153846153848 0.15384615384615385
2 0.6826923076923077 0.47475961538461536 0.038461538461538464 0.16105769230769232
4 0.3641826923076923 0.4254807692307692 0.038461538461538464 0.1201923076923077