3 0.29927884615384615 0.265625 0.0889423076923077 0.14423076923076922
2 0.019230769230769232 0.6237980769230769 0.038461538461538464 0.4110576923076923
2 0.1875 0.6766826923076923 0.17307692307692307 0.4182692307692308
2 0.25721153846153844 0.6971153846153846 0.13942307692307693 0.31009615384615385
2 0.8677884615384616 0.84375 0.1346153846153846 0.2692307692307692
2 0.765625 0.8413461538461539 0.10817307692307693 0.19230769230769232
2 0.6189903846153846 0.7463942307692307 0.07211538461538461 0.15625
0 0.5384615384615384 0.6153846153846154 0.040865384615384616 0.057692307692307696
2 0.5204326923076923 0.6838942307692307 0.08173076923076923 0.16346153846153846
2 0.5348557692307693 0.8088942307692307 0.16105769230769232 0.34375
2 0.47115384615384615 0.7944711538461539 0.20432692307692307 0.40384615384615385
2 0.3545673076923077 0.7536057692307693 0.23317307692307693 0.4519230769230769
4 0.5252403846153846 0.671875 0.08413461538461539 0.18028846153846154