4 0.6382211538461539 0.4699519230769231 0.0985576923076923 0.21875
3 0.7151442307692307 0.40384615384615385 0.03125 0.04567307692307692
2 0.8894230769230769 0.6237980769230769 0.06009615384615385 0.15144230769230768
2 0.0673076923076923 0.5024038461538461 0.10576923076923077 0.1658653846153846
2 0.33653846153846156 0.47475961538461536 0.055288461538461536 0.12740384615384615
2 0.27524038461538464 0.4074519230769231 0.0625 0.13701923076923078
2 0.45552884615384615 0.6286057692307693 0.09375 0.20432692307692307
2 0.5444711538461539 0.4795673076923077 0.06971153846153846 0.125
2 0.6117788461538461 0.6165865384615384 0.10096153846153846 0.18028846153846154
2 0.6814903846153846 0.5745192307692307 0.07451923076923077 0.15384615384615385
2 0.6274038461538461 0.4951923076923077 0.07451923076923077 0.16105769230769232
2 0.6610576923076923 0.5216346153846154 0.07451923076923077 0.15625
0 0.6790865384615384 0.38341346153846156 0.016826923076923076 0.021634615384615384
2 0.3918269230769231 0.8040865384615384 0.10096153846153846 0.2548076923076923