3 0.7211538461538461 0.08653846153846154 0.04447115384615385 0.09375
0 0.6262019230769231 0.7391826923076923 0.04927884615384615 0.12620192307692307
2 0.59375 0.37259615384615385 0.1045673076923077 0.1310096153846154
2 0.4543269230769231 0.3557692307692308 0.051682692307692304 0.26802884615384615
2 0.5528846153846154 0.7151442307692307 0.13942307692307693 0.5697115384615384
2 0.9242788461538461 0.2608173076923077 0.04807692307692308 0.14423076923076922
2 0.5504807692307693 0.31490384615384615 0.02403846153846154 0.12860576923076922
2 0.5144230769230769 0.328125 0.026442307692307692 0.18509615384615385
2 0.6201923076923077 0.29086538461538464 0.03365384615384615 0.11177884615384616
2 0.5757211538461539 0.27884615384615385 0.027644230769230768 0.1201923076923077
2 0.2824519230769231 0.3641826923076923 0.06971153846153846 0.27403846153846156