3 0.4723557692307692 0.2776442307692308 0.036057692307692304 0.052884615384615384
2 0.1658653846153846 0.4014423076923077 0.06490384615384616 0.17307692307692307
2 0.6189903846153846 0.5192307692307693 0.1346153846153846 0.21634615384615385
2 0.3557692307692308 0.5600961538461539 0.11778846153846154 0.25961538461538464
2 0.40625 0.4026442307692308 0.0889423076923077 0.19471153846153846
2 0.4795673076923077 0.453125 0.07451923076923077 0.1778846153846154
2 0.4723557692307692 0.4362980769230769 0.04807692307692308 0.1346153846153846
2 0.45552884615384615 0.4182692307692308 0.08653846153846154 0.19951923076923078
2 0.4338942307692308 0.41466346153846156 0.07451923076923077 0.20432692307692307
0 0.4495192307692308 0.3112980769230769 0.016826923076923076 0.021634615384615384
4 0.43509615384615385 0.4074519230769231 0.07451923076923077 0.21634615384615385
2 0.2848557692307692 0.6201923076923077 0.14423076923076922 0.3485576923076923