2 0.9699519230769231 0.7620192307692307 0.06009615384615385 0.3701923076923077
2 0.8617788461538461 0.7668269230769231 0.0985576923076923 0.39903846153846156
2 0.7103365384615384 0.7151442307692307 0.019230769230769232 0.16346153846153846
2 0.7319711538461539 0.7271634615384616 0.04807692307692308 0.21875
2 0.6442307692307693 0.7235576923076923 0.028846153846153848 0.18990384615384615
2 0.6021634615384616 0.7728365384615384 0.09134615384615384 0.44711538461538464
2 0.5192307692307693 0.7632211538461539 0.11057692307692307 0.4735576923076923
2 0.27524038461538464 0.7872596153846154 0.06490384615384616 0.28365384615384615
0 0.22235576923076922 0.7115384615384616 0.040865384615384616 0.07211538461538461
2 0.1875 0.7788461538461539 0.07932692307692307 0.4254807692307692
3 0.2860576923076923 0.3401442307692308 0.07451923076923077 0.14182692307692307