3 0.71875 0.34615384615384615 0.03365384615384615 0.04567307692307692
0 0.3942307692307692 0.3629807692307692 0.016826923076923076 0.02403846153846154
2 0.33653846153846156 0.5625 0.0889423076923077 0.23798076923076922
2 0.36899038461538464 0.41346153846153844 0.040865384615384616 0.10576923076923077
2 0.4579326923076923 0.4519230769230769 0.0889423076923077 0.17067307692307693
2 0.5264423076923077 0.46875 0.07692307692307693 0.13221153846153846
2 0.5540865384615384 0.5673076923076923 0.06490384615384616 0.20673076923076922
2 0.5769230769230769 0.5228365384615384 0.05048076923076923 0.17067307692307693
2 0.59375 0.5360576923076923 0.06009615384615385 0.17067307692307693
2 0.6526442307692307 0.49038461538461536 0.04807692307692308 0.15625
2 0.6838942307692307 0.5 0.06009615384615385 0.1658653846153846
4 0.3762019230769231 0.4074519230769231 0.055288461538461536 0.12259615384615384