0 0.5877403846153846 0.5300480769230769 0.028846153846153848 0.06971153846153846
3 0.2860576923076923 0.34134615384615385 0.057692307692307696 0.1346153846153846
2 0.7776442307692307 0.7283653846153846 0.056490384615384616 0.2283653846153846
2 0.59375 0.7103365384615384 0.054086538461538464 0.36658653846153844
2 0.5060096153846154 0.6682692307692307 0.04326923076923077 0.16826923076923078
2 0.4963942307692308 0.7992788461538461 0.0985576923076923 0.36177884615384615
2 0.3894230769230769 0.765625 0.10216346153846154 0.453125
2 0.3233173076923077 0.7668269230769231 0.07572115384615384 0.2860576923076923
2 0.07692307692307693 0.7644230769230769 0.051682692307692304 0.36177884615384615
2 0.040865384615384616 0.7487980769230769 0.078125 0.5012019230769231
4 0.5961538461538461 0.6947115384615384 0.05889423076923077 0.40865384615384615