3 0.4567307692307692 0.21875 0.057692307692307696 0.09375
0 0.5432692307692307 0.5456730769230769 0.036057692307692304 0.0673076923076923
2 0.734375 0.5769230769230769 0.08173076923076923 0.29086538461538464
2 0.6766826923076923 0.5576923076923077 0.0889423076923077 0.3004807692307692
2 0.6262019230769231 0.5456730769230769 0.07451923076923077 0.27884615384615385
2 0.5733173076923077 0.6105769230769231 0.11778846153846154 0.44711538461538464
2 0.5096153846153846 0.6081730769230769 0.11778846153846154 0.4423076923076923
2 0.13942307692307693 0.4362980769230769 0.11057692307692307 0.2283653846153846
2 0.1971153846153846 0.41947115384615385 0.06971153846153846 0.18269230769230768
2 0.2247596153846154 0.47596153846153844 0.11778846153846154 0.2764423076923077
2 0.17307692307692307 0.7199519230769231 0.30528846153846156 0.5096153846153846