3 0.4795673076923077 0.2764423076923077 0.038461538461538464 0.052884615384615384
2 0.16947115384615385 0.390625 0.06971153846153846 0.17307692307692307
2 0.6177884615384616 0.5228365384615384 0.14182692307692307 0.21875
2 0.35336538461538464 0.5552884615384616 0.125 0.2620192307692308
2 0.4098557692307692 0.39903846153846156 0.09615384615384616 0.19471153846153846
2 0.4807692307692308 0.4519230769230769 0.07932692307692307 0.1778846153846154
2 0.47475961538461536 0.43509615384615385 0.052884615384615384 0.1346153846153846
2 0.45913461538461536 0.4170673076923077 0.09134615384615384 0.19951923076923078
2 0.4362980769230769 0.41225961538461536 0.08173076923076923 0.20432692307692307
0 0.45552884615384615 0.3088942307692308 0.016826923076923076 0.021634615384615384
4 0.4387019230769231 0.4050480769230769 0.08173076923076923 0.21634615384615385
2 0.28125 0.6129807692307693 0.15625 0.3485576923076923