0 0.5913461538461539 0.515625 0.038461538461538464 0.07451923076923077
3 0.2644230769230769 0.3762019230769231 0.07692307692307693 0.14182692307692307
2 0.8100961538461539 0.6826923076923077 0.09134615384615384 0.23557692307692307
2 0.625 0.6935096153846154 0.11057692307692307 0.3701923076923077
2 0.5324519230769231 0.6646634615384616 0.06971153846153846 0.17307692307692307
2 0.5432692307692307 0.7956730769230769 0.15384615384615385 0.37259615384615385
2 0.43149038461538464 0.7740384615384616 0.17067307692307693 0.4519230769230769
2 0.36778846153846156 0.7908653846153846 0.1201923076923077 0.2932692307692308
2 0.12379807692307693 0.8221153846153846 0.10817307692307693 0.3557692307692308
2 0.08533653846153846 0.78125 0.15625 0.4375
4 0.625 0.6766826923076923 0.12259615384615384 0.41346153846153844