0 0.4266826923076923 0.5012019230769231 0.039663461538461536 0.07572115384615384
3 0.23076923076923078 0.18629807692307693 0.09254807692307693 0.18389423076923078
2 0.19230769230769232 0.78125 0.0733173076923077 0.4362980769230769
2 0.2764423076923077 0.7764423076923077 0.09014423076923077 0.44711538461538464
2 0.31490384615384615 0.7824519230769231 0.038461538461538464 0.43509615384615385
2 0.40024038461538464 0.7536057692307693 0.046875 0.32211538461538464
2 0.5228365384615384 0.7475961538461539 0.13221153846153846 0.5048076923076923
2 0.6021634615384616 0.7872596153846154 0.06490384615384616 0.4254807692307692
2 0.6935096153846154 0.7776442307692307 0.14423076923076922 0.44471153846153844
2 0.8581730769230769 0.7992788461538461 0.1045673076923077 0.4014423076923077
2 0.9579326923076923 0.8040865384615384 0.08413461538461539 0.3918269230769231