3 0.46033653846153844 0.15264423076923078 0.03125 0.038461538461538464
3 0.6081730769230769 0.22956730769230768 0.05048076923076923 0.0625
0 0.31971153846153844 0.3293269230769231 0.016826923076923076 0.019230769230769232
0 0.3942307692307692 0.43149038461538464 0.019230769230769232 0.02403846153846154
0 0.6358173076923077 0.4230769230769231 0.02403846153846154 0.03365384615384615
0 0.18509615384615385 0.9170673076923077 0.036057692307692304 0.05048076923076923
2 0.17668269230769232 0.890625 0.15144230769230768 0.21875
2 0.29447115384615385 0.8882211538461539 0.13221153846153846 0.22355769230769232
2 0.45913461538461536 0.5841346153846154 0.10336538461538461 0.23317307692307693
2 0.6658653846153846 0.4639423076923077 0.10336538461538461 0.21394230769230768
2 0.37259615384615385 0.421875 0.07932692307692307 0.1875
2 0.29447115384615385 0.32211538461538464 0.055288461538461536 0.12740384615384615
2 0.30649038461538464 0.3112980769230769 0.03365384615384615 0.07451923076923077
2 0.3701923076923077 0.2932692307692308 0.05048076923076923 0.10576923076923077
2 0.4483173076923077 0.29447115384615385 0.052884615384615384 0.10817307692307693
2 0.4338942307692308 0.3076923076923077 0.04567307692307692 0.10576923076923077
2 0.4387019230769231 0.27524038461538464 0.04807692307692308 0.0985576923076923
2 0.4567307692307692 0.23918269230769232 0.028846153846153848 0.07451923076923077
2 0.44711538461538464 0.2439903846153846 0.028846153846153848 0.07692307692307693
2 0.4338942307692308 0.21995192307692307 0.038461538461538464 0.07692307692307693
2 0.421875 0.24639423076923078 0.026442307692307692 0.0625
2 0.41225961538461536 0.23197115384615385 0.026442307692307692 0.06971153846153846
2 0.4050480769230769 0.2536057692307692 0.03125 0.07932692307692307
2 0.39302884615384615 0.25 0.038461538461538464 0.0889423076923077