3 0.5516826923076923 0.15384615384615385 0.02283653846153846 0.03485576923076923
3 0.6742788461538461 0.2668269230769231 0.037259615384615384 0.055288461538461536
0 0.3701923076923077 0.28846153846153844 0.01201923076923077 0.016826923076923076
0 0.41586538461538464 0.40625 0.014423076923076924 0.021634615384615384
0 0.6514423076923077 0.46153846153846156 0.018028846153846152 0.030048076923076924
0 0.08774038461538461 0.8209134615384616 0.025240384615384616 0.04447115384615385
2 0.07451923076923077 0.84375 0.07211538461538461 0.3125
2 0.1935096153846154 0.8557692307692307 0.06009615384615385 0.28846153846153844
2 0.4387019230769231 0.5709134615384616 0.046875 0.2283653846153846
2 0.6694711538461539 0.5084134615384616 0.05048076923076923 0.2091346153846154
2 0.39663461538461536 0.3918269230769231 0.03365384615384615 0.18509615384615385
2 0.3473557692307692 0.27524038461538464 0.02403846153846154 0.125
2 0.36177884615384615 0.26802884615384615 0.014423076923076924 0.07211538461538461
2 0.42788461538461536 0.2668269230769231 0.025240384615384616 0.10216346153846154
2 0.5036057692307693 0.28846153846153844 0.027644230769230768 0.1045673076923077
2 0.4855769230769231 0.296875 0.019230769230769232 0.10336538461538461
2 0.4987980769230769 0.2668269230769231 0.02283653846153846 0.09615384615384616
2 0.5252403846153846 0.23677884615384615 0.009615384615384616 0.07572115384615384
2 0.515625 0.23918269230769232 0.008413461538461538 0.078125
2 0.5084134615384616 0.2127403846153846 0.019230769230769232 0.07451923076923077
2 0.49038461538461536 0.234375 0.01201923076923077 0.06129807692307692
2 0.484375 0.21875 0.009615384615384616 0.06971153846153846
2 0.4723557692307692 0.23798076923076922 0.010817307692307692 0.078125
2 0.46153846153846156 0.23076923076923078 0.016826923076923076 0.08653846153846154