3 0.6286057692307693 0.17427884615384615 0.03125 0.038461538461538464
3 0.7223557692307693 0.3125 0.04807692307692308 0.0625
0 0.4206730769230769 0.2644230769230769 0.014423076923076924 0.019230769230769232
0 0.4387019230769231 0.3894230769230769 0.019230769230769232 0.02403846153846154
0 0.65625 0.4963942307692308 0.02403846153846154 0.03365384615384615
0 0.026442307692307692 0.7199519230769231 0.03365384615384615 0.04807692307692308
2 0.038461538461538464 0.7391826923076923 0.07692307692307693 0.31971153846153844
2 0.12139423076923077 0.7776442307692307 0.12259615384615384 0.2956730769230769
2 0.42427884615384615 0.5552884615384616 0.09615384615384616 0.23317307692307693
2 0.6634615384615384 0.546875 0.09615384615384616 0.21394230769230768
2 0.4230769230769231 0.3713942307692308 0.07451923076923077 0.1875
2 0.4014423076923077 0.24639423076923078 0.05048076923076923 0.12740384615384615
2 0.4170673076923077 0.24278846153846154 0.03125 0.07451923076923077
2 0.48197115384615385 0.25600961538461536 0.04807692307692308 0.10576923076923077
2 0.5516826923076923 0.29447115384615385 0.05048076923076923 0.10817307692307693
2 0.53125 0.29927884615384615 0.040865384615384616 0.10576923076923077
2 0.5516826923076923 0.27283653846153844 0.04326923076923077 0.0985576923076923
2 0.5841346153846154 0.24879807692307693 0.026442307692307692 0.07692307692307693
2 0.5733173076923077 0.24879807692307693 0.026442307692307692 0.07692307692307693
2 0.5733173076923077 0.22235576923076922 0.036057692307692304 0.07692307692307693
2 0.5504807692307693 0.23918269230769232 0.026442307692307692 0.0625
2 0.5480769230769231 0.22235576923076922 0.02403846153846154 0.06971153846153846
2 0.5324519230769231 0.23798076923076922 0.028846153846153848 0.07932692307692307
2 0.5228365384615384 0.22956730769230768 0.036057692307692304 0.0889423076923077