3 0.4879807692307692 0.078125 0.13942307692307693 0.15625
2 0.09615384615384616 0.5012019230769231 0.16346153846153846 0.2860576923076923
2 0.29927884615384615 0.49158653846153844 0.09615384615384616 0.18269230769230768
2 0.5084134615384616 0.4387019230769231 0.3894230769230769 0.8774038461538461
2 0.6995192307692307 0.5492788461538461 0.6009615384615384 0.9014423076923077
2 0.7872596153846154 0.7103365384615384 0.3485576923076923 0.5192307692307693
2 0.5396634615384616 0.6045673076923077 0.16105769230769232 0.35096153846153844
2 0.359375 0.5853365384615384 0.1875 0.41586538461538464
2 0.4795673076923077 0.5853365384615384 0.15865384615384615 0.3942307692307692
0 0.6454326923076923 0.08774038461538461 0.09375 0.11778846153846154
4 0.5096153846153846 0.4375 0.3894230769230769 0.875