3 0.31971153846153844 0.1045673076923077 0.12740384615384615 0.17548076923076922
2 0.12860576923076922 0.6586538461538461 0.14182692307692307 0.28125
2 0.3112980769230769 0.5709134615384616 0.08173076923076923 0.18028846153846154
2 0.484375 0.43990384615384615 0.31971153846153844 0.875
2 0.7139423076923077 0.49158653846153844 0.5336538461538461 0.9326923076923077
2 0.8449519230769231 0.5805288461538461 0.31009615384615385 0.5072115384615384
2 0.5769230769230769 0.5805288461538461 0.1346153846153846 0.3485576923076923
2 0.40384615384615385 0.6334134615384616 0.15384615384615385 0.41586538461538464
2 0.5144230769230769 0.5865384615384616 0.12740384615384615 0.3942307692307692
0 0.4723557692307692 0.06370192307692307 0.08653846153846154 0.11538461538461539
4 0.484375 0.4387019230769231 0.31971153846153844 0.875