3 0.38341346153846156 0.08173076923076923 0.10336538461538461 0.1622596153846154
2 0.10817307692307693 0.5985576923076923 0.10216346153846154 0.2692307692307692
2 0.30288461538461536 0.5408653846153846 0.055288461538461536 0.17427884615384615
2 0.49399038461538464 0.4387019230769231 0.1875 0.8569711538461539
2 0.7127403846153846 0.5252403846153846 0.4014423076923077 0.8810096153846154
2 0.8293269230769231 0.6346153846153846 0.2403846153846154 0.47475961538461536
2 0.5637019230769231 0.5913461538461539 0.08173076923076923 0.3401442307692308
2 0.38461538461538464 0.6165865384615384 0.09134615384615384 0.40625
2 0.5012019230769231 0.5877403846153846 0.06610576923076923 0.3894230769230769
0 0.5408653846153846 0.06490384615384616 0.07091346153846154 0.1045673076923077
4 0.49399038461538464 0.4375 0.18870192307692307 0.8569711538461539