1 0.4519230769230769 0.234375 0.07451923076923077 0.11658653846153846
3 0.4519230769230769 0.234375 0.07451923076923077 0.11658653846153846
0 0.4495192307692308 0.26322115384615385 0.039663461538461536 0.054086538461538464
2 0.06370192307692307 0.7403846153846154 0.07572115384615384 0.2403846153846154
2 0.3233173076923077 0.7319711538461539 0.17548076923076922 0.5360576923076923
2 0.4483173076923077 0.7211538461538461 0.10216346153846154 0.42908653846153844
2 0.5456730769230769 0.7151442307692307 0.0985576923076923 0.43509615384615385
2 0.6045673076923077 0.7163461538461539 0.07211538461538461 0.32091346153846156
2 0.6670673076923077 0.6923076923076923 0.14423076923076922 0.5132211538461539
2 0.7451923076923077 0.6959134615384616 0.14423076923076922 0.6081730769230769
3 0.9050480769230769 0.6322115384615384 0.020432692307692308 0.026442307692307692