1 0.41586538461538464 0.2439903846153846 0.0889423076923077 0.125
3 0.41586538461538464 0.2439903846153846 0.0889423076923077 0.125
0 0.4170673076923077 0.27283653846153844 0.04567307692307692 0.06009615384615385
2 0.10096153846153846 0.7992788461538461 0.10817307692307693 0.24759615384615385
2 0.35697115384615385 0.7379807692307693 0.24759615384615385 0.5240384615384616
2 0.4795673076923077 0.7259615384615384 0.16105769230769232 0.43990384615384615
2 0.5757211538461539 0.7067307692307693 0.15865384615384615 0.44471153846153844
2 0.6334134615384616 0.6995192307692307 0.11538461538461539 0.3269230769230769
2 0.6923076923076923 0.6670673076923077 0.21394230769230768 0.5288461538461539
2 0.7704326923076923 0.6598557692307693 0.2283653846153846 0.6225961538461539
3 0.9194711538461539 0.5745192307692307 0.02403846153846154 0.028846153846153848