1 0.4519230769230769 0.234375 0.07451923076923077 0.11538461538461539
3 0.4519230769230769 0.234375 0.07451923076923077 0.11538461538461539
0 0.4495192307692308 0.26322115384615385 0.038461538461538464 0.052884615384615384
2 0.06370192307692307 0.7403846153846154 0.07692307692307693 0.2403846153846154
2 0.3233173076923077 0.7319711538461539 0.17548076923076922 0.5360576923076923
2 0.4483173076923077 0.7211538461538461 0.10096153846153846 0.42788461538461536
2 0.5456730769230769 0.7151442307692307 0.0985576923076923 0.43509615384615385
2 0.6045673076923077 0.7163461538461539 0.07211538461538461 0.32211538461538464
2 0.6670673076923077 0.6923076923076923 0.14423076923076922 0.5144230769230769
2 0.7451923076923077 0.6959134615384616 0.14423076923076922 0.6081730769230769
3 0.9050480769230769 0.6322115384615384 0.019230769230769232 0.026442307692307692