1 0.24639423076923078 0.20432692307692307 0.046875 0.06971153846153846
2 0.07692307692307693 0.36177884615384615 0.052884615384615384 0.22355769230769232
2 0.3016826923076923 0.4338942307692308 0.10096153846153846 0.23197115384615385
2 0.3401442307692308 0.38822115384615385 0.05048076923076923 0.15985576923076922
2 0.3425480769230769 0.5673076923076923 0.06610576923076923 0.3112980769230769
2 0.39783653846153844 0.5480769230769231 0.05048076923076923 0.24639423076923078
2 0.44711538461538464 0.5432692307692307 0.051682692307692304 0.28125
2 0.43149038461538464 0.75 0.06971153846153846 0.3329326923076923
2 0.18389423076923078 0.8629807692307693 0.08413461538461539 0.27403846153846156
2 0.6177884615384616 0.4326923076923077 0.06370192307692307 0.25961538461538464
2 0.7295673076923077 0.5576923076923077 0.055288461538461536 0.30649038461538464
2 0.7980769230769231 0.4098557692307692 0.05048076923076923 0.2283653846153846
2 0.9002403846153846 0.5805288461538461 0.04927884615384615 0.29927884615384615
2 0.9591346153846154 0.7980769230769231 0.08173076923076923 0.4014423076923077
0 0.24519230769230768 0.21634615384615385 0.020432692307692308 0.039663461538461536
3 0.24639423076923078 0.20432692307692307 0.04567307692307692 0.06971153846153846