1 0.27884615384615385 0.17908653846153846 0.052884615384615384 0.07451923076923077
2 0.09375 0.31850961538461536 0.07692307692307693 0.2283653846153846
2 0.31009615384615385 0.41346153846153844 0.125 0.2403846153846154
2 0.35216346153846156 0.37259615384615385 0.0673076923076923 0.16346153846153846
2 0.33653846153846156 0.5504807692307693 0.0985576923076923 0.3173076923076923
2 0.39302884615384615 0.5372596153846154 0.07692307692307693 0.25
2 0.4423076923076923 0.5372596153846154 0.08173076923076923 0.2860576923076923
2 0.40625 0.7415865384615384 0.10336538461538461 0.3389423076923077
2 0.14783653846153846 0.828125 0.11298076923076923 0.28125
2 0.6237980769230769 0.44591346153846156 0.09134615384615384 0.2644230769230769
2 0.7223557692307693 0.5817307692307693 0.08653846153846154 0.31009615384615385
2 0.8052884615384616 0.4411057692307692 0.07451923076923077 0.23317307692307693
2 0.8894230769230769 0.6213942307692307 0.07932692307692307 0.30288461538461536
2 0.9242788461538461 0.8197115384615384 0.12259615384615384 0.3605769230769231
0 0.2764423076923077 0.19110576923076922 0.02403846153846154 0.040865384615384616
3 0.27884615384615385 0.17908653846153846 0.052884615384615384 0.07451923076923077