1 0.2848557692307692 0.17548076923076922 0.055288461538461536 0.07451923076923077
2 0.09735576923076923 0.3112980769230769 0.07932692307692307 0.2283653846153846
2 0.3112980769230769 0.4098557692307692 0.12740384615384615 0.24278846153846154
2 0.3545673076923077 0.36899038461538464 0.06971153846153846 0.1658653846153846
2 0.33533653846153844 0.5480769230769231 0.10336538461538461 0.3173076923076923
2 0.39302884615384615 0.5348557692307693 0.07932692307692307 0.25
2 0.4423076923076923 0.5360576923076923 0.08653846153846154 0.2860576923076923
2 0.4014423076923077 0.7403846153846154 0.11057692307692307 0.3389423076923077
2 0.14182692307692307 0.8221153846153846 0.11778846153846154 0.28125
2 0.625 0.44711538461538464 0.09375 0.2644230769230769
2 0.7211538461538461 0.5853365384615384 0.09134615384615384 0.31009615384615385
2 0.8064903846153846 0.44711538461538464 0.07692307692307693 0.23317307692307693
2 0.8870192307692307 0.6286057692307693 0.08653846153846154 0.30288461538461536
2 0.9182692307692307 0.8233173076923077 0.12980769230769232 0.35336538461538464
0 0.28125 0.1875 0.02403846153846154 0.040865384615384616
3 0.2848557692307692 0.17548076923076922 0.052884615384615384 0.07451923076923077